 0.000      0 116
 0.001      1 116
 0.002      2 116
 0.003     -3 116
 0.004      2 115
 0.005      0 113
 0.006      3 114
 0.007      1 116
 0.008      1 116
 0.009     -1 116
 0.010      2 116
 0.011      1 117
 0.012      0 116
 0.013      1 115
 0.014      0 114
 0.015      0 115
 0.016      2 115
 0.017      0 115
 0.018      0 114
 0.019      0 114
 0.020      2 114
 0.021      0 113
 0.022      1 114
 0.023      0 114
 0.024      1 114
 0.025      0 114
 0.026      1 115
 0.027     -1 115
 0.028      2 115
 0.029      2 115
 0.030      0 114
 0.031      1 114
 0.032      0 115
 0.033      1 116
 0.034      2 116
 0.035      2 114
 0.036      3 112
 0.037      3 113
 0.038      2 114
 0.039      3 114
 0.040     -2 114
 0.041      0 113
 0.042      3 114
 0.043      0 115
 0.044      2 115
 0.045      0 115
 0.046      2 115
 0.047      2 115
 0.048     -2 115
 0.049      4 115
 0.050      0 115
 0.051     -1 114
 0.052      2 115
 0.053      1 115
 0.054      3 115
 0.055      1 115
 0.056      0 116
 0.057      3 115
 0.058      1 115
 0.059      4 117
 0.060      1 118
 0.061      2 116
 0.062      3 115
 0.063      1 115
 0.064      1 117
 0.065      3 117
 0.066      1 116
 0.067      0 116
 0.068      1 116
 0.069      2 115
 0.070      0 116
 0.071      1 116
 0.072      1 115
 0.073      0 114
 0.074      2 114
 0.075      1 115
 0.076     -2 115
 0.077     -1 115
 0.078      1 115
 0.079      2 115
 0.080      4 115
 0.081     -2 113
 0.082      0 113
 0.083     -1 115
 0.084      1 117
 0.085      3 116
 0.086      2 114
 0.087      0 115
 0.088      2 115
 0.089      1 115
 0.090      0 115
 0.091      0 115
 0.092      2 115
 0.093      2 116
 0.094      2 116
 0.095      0 115
 0.096      0 114
 0.097      1 115
 0.098      0 115
 0.099     -1 115
 0.100     -2 115
 0.101      2 116
 0.102      0 115
 0.103      3 113
 0.104      0 114
 0.105     -1 115
 0.106      0 116
 0.107      0 115
 0.108      3 115
 0.109     -2 115
 0.110      0 115
 0.111     -1 115
 0.112     -1 115
 0.113      1 115
 0.114      0 114
 0.115      3 115
 0.116      3 115
 0.117      2 115
 0.118      2 115
 0.119     -1 115
 0.120      1 114
 0.121      3 115
 0.122      0 116
 0.123      2 115
 0.124      3 115
 0.125      2 115
 0.126      2 115
 0.127      1 116
 0.128      0 116
 0.129      2 116
 0.130      3 115
 0.131      1 115
 0.132      0 115
 0.133     -1 115
 0.134      1 116
 0.135      3 117
 0.136      0 116
 0.137      2 115
 0.138      1 116
 0.139      1 115
 0.140      0 115
 0.141      3 115
 0.142      0 114
 0.143      1 114
 0.144      1 114
 0.145      1 115
 0.146      0 115
 0.147      2 115
 0.148      1 115
 0.149      0 115
 0.150      1 116
 0.151      0 115
 0.152     -1 115
 0.153      0 116
 0.154     -2 115
 0.155      1 113
 0.156      1 113
 0.157      2 114
 0.158      2 115
 0.159     -1 115
 0.160      2 115
 0.161     -1 114
 0.162      0 114
 0.163      0 114
 0.164      0 113
 0.165      2 114
 0.166     -1 115
 0.167     -1 116
 0.168      2 115
 0.169      0 115
 0.170      2 115
 0.171      1 116
 0.172      0 115
 0.173      3 114
 0.174      1 115
 0.175      0 116
 0.176      0 115
 0.177      0 114
 0.178      3 114
 0.179      3 115
 0.180      0 117
 0.181      3 115
 0.182      0 114
 0.183      3 114
 0.184     -1 115
 0.185      2 116
 0.186      1 116
 0.187      2 117
 0.188      1 116
 0.189      1 116
 0.190      2 116
 0.191     -1 115
 0.192      2 115
 0.193      2 116
 0.194      1 115
 0.195      0 114
 0.196      1 115
 0.197     -3 116
 0.198      1 115
 0.199      0 115
 0.200     -1 114
 0.201      3 113
 0.202      2 114
 0.203      2 114
 0.204      2 114
 0.205      5 115
 0.206      0 117
 0.207      2 116
 0.208      2 115
 0.209      0 115
 0.210      0 115
 0.211      2 116
 0.212      0 117
 0.213      0 118
 0.214      3 117
 0.215      0 115
 0.216     -1 115
 0.217      1 115
 0.218      1 115
 0.219      1 115
 0.220      0 116
 0.221      1 116
 0.222     -1 116
 0.223      2 114
 0.224      1 114
 0.225      0 114
 0.226      2 114
 0.227      2 115
 0.228      3 115
 0.229      1 115
 0.230      0 115
 0.231      1 115
 0.232      1 115
 0.233      0 115
 0.234      0 115
 0.235      1 115
 0.236      2 114
 0.237      1 113
 0.238      1 114
 0.239      3 115
 0.240     -2 114
 0.241     -1 115
 0.242      0 115
 0.243      1 115
 0.244      2 115
 0.245      2 115
 0.246      1 115
 0.247     -1 115
 0.248      2 115
 0.249     -1 116
 0.250     -1 116
 0.251      2 116
 0.252      2 116
 0.253      2 116
 0.254      5 115
 0.255      1 115
 0.256     -1 114
 0.257      3 115
 0.258      1 115
 0.259      0 115
 0.260      0 114
 0.261     -1 115
 0.262      0 116
 0.263      0 116
 0.264      0 115
 0.265      1 115
 0.266      0 116
 0.267     -1 116
 0.268      3 116
 0.269     -1 115
 0.270     -1 114
 0.271      2 114
 0.272      2 114
 0.273      1 114
 0.274      1 114
 0.275     -1 114
 0.276      1 115
 0.277      3 115
 0.278      1 116
 0.279     -2 116
 0.280      2 116
 0.281      0 116
 0.282      3 116
 0.283      0 115
 0.284     -1 113
 0.285      3 114
 0.286      0 116
 0.287      1 116
 0.288      2 116
 0.289      0 116
 0.290      4 116
 0.291      1 116
 0.292     -2 117
 0.293     -1 116
 0.294      3 115
 0.295      2 115
 0.296      3 116
 0.297      1 117
 0.298     -2 116
 0.299      0 115
 0.300      0 115
 0.301      4 115
 0.302     -2 115
 0.303      0 115
 0.304      2 115
 0.305     -1 114
 0.306      1 115
 0.307      1 116
 0.308      2 116
 0.309      1 117
 0.310      2 116
 0.311      0 116
 0.312      0 116
 0.313      2 115
 0.314      3 115
 0.315      1 116
 0.316      1 117
 0.317     -1 117
 0.318      2 116
 0.319      1 115
 0.320      3 116
 0.321      0 115
 0.322      0 115
 0.323      1 115
 0.324     -2 114
 0.325     -1 115
 0.326     -1 115
 0.327      1 115
 0.328     -2 116
 0.329      0 116
 0.330      2 116
 0.331      2 115
 0.332      2 115
 0.333      1 116
 0.334      2 115
 0.335      2 115
 0.336     -1 116
 0.337      1 117
 0.338      1 117
 0.339      0 116
 0.340      0 115
 0.341      0 114
 0.342      0 114
 0.343      0 116
 0.344      2 116
 0.345      1 115
 0.346      1 115
 0.347      1 114
 0.348      0 116
 0.349      2 116
 0.350      0 116
 0.351      1 116
 0.352     -1 115
 0.353      1 114
 0.354     -2 114
 0.355      0 115
 0.356      0 115
 0.357     -1 114
 0.358      1 114
 0.359      3 115
 0.360     -1 116
 0.361      0 116
 0.362      5 116
 0.363     -1 115
 0.364      1 115
 0.365      2 115
 0.366      0 114
 0.367      4 114
 0.368      0 113
 0.369      2 113
 0.370      2 114
 0.371      2 116
 0.372      2 117
 0.373     -1 116
 0.374      1 114
 0.375     -1 116
 0.376      0 116
 0.377     -1 115
 0.378     -1 115
 0.379      1 115
 0.380      3 115
 0.381      2 116
 0.382      2 116
 0.383      1 115
 0.384      0 115
 0.385     -1 114
 0.386      1 113
 0.387     -2 114
 0.388      1 116
 0.389      1 117
 0.390      2 117
 0.391      2 116
 0.392      3 115
 0.393      1 115
 0.394      3 115
 0.395      3 115
 0.396      2 116
 0.397     -2 115
 0.398      1 115
 0.399      3 115
 0.400     -1 116
 0.401      1 116
 0.402      1 115
 0.403      0 115
 0.404      0 114
 0.405      4 115
 0.406      0 116
 0.407      3 117
 0.408      3 116
 0.409     -3 114
 0.410      1 114
 0.411      2 115
 0.412     -1 116
 0.413      4 115
 0.414     -2 115
 0.415      1 115
 0.416      1 114
 0.417      0 115
 0.418      0 115
 0.419     -1 114
 0.420      2 115
 0.421      0 115
 0.422      3 114
 0.423     -1 114
 0.424     -1 115
 0.425      2 116
 0.426      2 115
 0.427      1 115
 0.428      2 115
 0.429      1 115
 0.430     -1 115
 0.431      1 114
 0.432      1 114
 0.433      0 115
 0.434      3 115
 0.435      0 116
 0.436      2 116
 0.437      2 115
 0.438      0 114
 0.439      4 113
 0.440     -1 114
 0.441      0 114
 0.442      1 113
 0.443      3 114
 0.444      2 115
 0.445      0 116
 0.446      0 116
 0.447      0 117
 0.448      2 116
 0.449      2 115
 0.450      1 114
 0.451      3 115
 0.452      1 116
 0.453      1 116
 0.454      1 116
 0.455     -1 115
 0.456     -1 114
 0.457      1 114
 0.458      0 114
 0.459      3 115
 0.460      2 116
 0.461      1 117
 0.462     -1 116
 0.463      0 115
 0.464      1 115
 0.465      1 116
 0.466      0 116
 0.467     -1 115
 0.468      1 115
 0.469     -1 116
 0.470      4 116
 0.471      0 115
 0.472     -2 114
 0.473      0 113
 0.474      3 113
 0.475     -1 114
 0.476     -1 115
 0.477      1 116
 0.478      1 116
 0.479      2 115
 0.480     -1 115
 0.481     -1 115
 0.482      2 116
 0.483      2 116
 0.484      1 116
 0.485      0 115
 0.486      1 115
 0.487      2 115
 0.488      2 115
 0.489      1 116
 0.490      0 116
 0.491      1 114
 0.492      0 114
 0.493      0 114
 0.494      3 114
 0.495     -1 114
 0.496      2 115
 0.497     -1 115
 0.498      2 115
 0.499      0 115
 0.500      1 114
 0.501      3 114
 0.502      1 116
 0.503      1 116
 0.504      0 116
 0.505     -1 115
 0.506      4 115
 0.507      3 115
 0.508      1 115
 0.509      0 115
 0.510     -1 115
 0.511     -1 114
 0.512      3 116
 0.513      2 117
 0.514      0 117
 0.515      3 117
 0.516      2 116
 0.517      2 115
 0.518     -1 114
 0.519      2 115
 0.520      1 116
 0.521      1 116
 0.522      1 115
 0.523      2 115
 0.524      0 115
 0.525      1 115
 0.526     -1 116
 0.527      1 116
 0.528     -1 115
 0.529      2 114
 0.530      0 114
 0.531      1 114
 0.532      0 115
 0.533     -2 115
 0.534      1 115
 0.535     -2 114
 0.536      2 115
 0.537     -1 116
 0.538     -1 117
 0.539      3 117
 0.540      3 117
 0.541      2 117
 0.542     -1 117
 0.543      1 116
 0.544      0 115
 0.545      1 116
 0.546      1 116
 0.547      1 116
 0.548      0 115
 0.549      1 114
 0.550      3 114
 0.551      2 116
 0.552      0 116
 0.553     -1 115
 0.554      1 116
 0.555     -1 116
 0.556      2 114
 0.557     -2 115
 0.558      0 117
 0.559      1 116
 0.560      2 114
 0.561      0 113
 0.562     -1 113
 0.563     -1 113
 0.564     -2 114
 0.565      1 115
 0.566      0 115
 0.567      3 116
 0.568      1 116
 0.569      0 116
 0.570      2 116
 0.571      1 115
 0.572      1 115
 0.573      0 114
 0.574      2 114
 0.575      0 115
 0.576      1 116
 0.577      0 114
 0.578      0 113
 0.579      2 114
 0.580     -1 114
 0.581      2 114
 0.582      1 115
 0.583      0 115
 0.584      1 115
 0.585      1 117
 0.586      1 117
 0.587      1 116
 0.588     -1 115
 0.589      0 115
 0.590      2 115
 0.591      1 115
 0.592      2 115
 0.593     -1 115
 0.594      1 114
 0.595      0 114
 0.596      1 114
 0.597      0 114
 0.598     -1 113
 0.599      2 114
 0.600      0 115
 0.601     -1 115
 0.602      3 114
 0.603      3 114
 0.604      2 114
 0.605      0 114
 0.606     -1 115
 0.607      1 115
 0.608      0 116
 0.609      0 115
 0.610      0 115
 0.611      0 114
 0.612      2 115
 0.613      0 116
 0.614      0 115
 0.615      4 115
 0.616     -1 115
 0.617      0 115
 0.618      1 115
 0.619      1 114
 0.620      1 114
 0.621      1 116
 0.622      4 117
 0.623     -1 116
 0.624      3 114
 0.625      2 114
 0.626      5 114
 0.627      0 114
 0.628      3 115
 0.629      1 115
 0.630      0 114
 0.631      4 114
 0.632     -1 115
 0.633      3 115
 0.634      0 115
 0.635      1 116
 0.636      0 115
 0.637      1 115
 0.638     -2 115
 0.639      1 114
 0.640      0 114
 0.641      0 114
 0.642      0 112
 0.643      0 113
 0.644      1 115
 0.645      2 115
 0.646      2 115
 0.647      0 116
 0.648      0 116
 0.649      0 115
 0.650      4 114
 0.651      0 115
 0.652      1 115
 0.653      1 115
 0.654      1 115
 0.655      0 114
 0.656      2 114
 0.657     -1 114
 0.658     -2 114
 0.659      0 115
 0.660      2 114
 0.661      2 115
 0.662      2 117
 0.663     -1 117
 0.664      2 116
 0.665      1 116
 0.666      2 116
 0.667      0 116
 0.668      1 115
 0.669      2 115
 0.670     -1 115
 0.671     -2 115
 0.672     -3 116
 0.673      0 115
 0.674      2 116
 0.675      3 116
 0.676      2 113
 0.677      3 114
 0.678      1 116
 0.679     -1 115
 0.680      0 115
 0.681      1 115
 0.682      2 115
 0.683      3 116
 0.684      1 116
 0.685      1 114
 0.686     -1 114
 0.687      2 115
 0.688      0 115
 0.689      0 115
 0.690      2 115
 0.691      0 115
 0.692      3 114
 0.693      2 113
 0.694      3 115
 0.695      1 115
 0.696      2 114
 0.697      2 115
 0.698      0 115
 0.699      0 115
 0.700      0 115
 0.701      0 116
 0.702      0 116
 0.703     -2 116
 0.704      2 115
 0.705      1 115
 0.706      2 116
 0.707      0 117
 0.708      2 116
 0.709      2 115
 0.710      2 116
 0.711     -2 116
 0.712      0 116
 0.713      3 116
 0.714      2 115
 0.715      1 114
 0.716      4 115
 0.717      0 116
 0.718      0 115
 0.719      2 115
 0.720      2 116
 0.721      0 115
 0.722      2 114
 0.723      2 113
 0.724      2 114
 0.725     -1 115
 0.726      0 115
 0.727      0 116
 0.728      0 117
 0.729      2 116
 0.730      1 115
 0.731      1 114
 0.732      0 113
 0.733      1 114
 0.734      1 115
 0.735      2 114
 0.736      0 115
 0.737      2 116
 0.738     -1 117
 0.739      0 116
 0.740      2 115
 0.741      3 115
 0.742      0 115
 0.743      2 115
 0.744      3 116
 0.745      2 116
 0.746      0 116
 0.747      3 115
 0.748     -2 114
 0.749      3 114
 0.750      1 115
 0.751     -1 115
 0.752      1 115
 0.753      0 115
 0.754      0 115
 0.755      1 115
 0.756     -1 115
 0.757      1 116
 0.758      2 116
 0.759      2 116
 0.760      2 116
 0.761      3 115
 0.762      0 114
 0.763      1 115
 0.764      2 114
 0.765      2 114
 0.766      4 114
 0.767      0 115
 0.768     -1 116
 0.769      1 116
 0.770      0 115
 0.771     -2 116
 0.772      2 116
 0.773      2 115
 0.774     -1 115
 0.775      3 115
 0.776      1 117
 0.777      1 116
 0.778     -2 116
 0.779     -1 116
 0.780      0 116
 0.781      2 114
 0.782      0 115
 0.783      3 115
 0.784      3 114
 0.785      3 113
 0.786      1 114
 0.787      2 115
 0.788      1 116
 0.789      2 117
 0.790     -2 116
 0.791      0 114
 0.792      0 113
 0.793     -1 113
 0.794      1 112
 0.795      2 113
 0.796      2 113
 0.797      1 113
 0.798      2 114
 0.799     -1 114
 0.800      2 114
 0.801     -1 115
 0.802      4 114
 0.803      2 114
 0.804      3 114
 0.805      2 115
 0.806      1 115
 0.807      3 116
 0.808      0 116
 0.809      1 115
 0.810      1 114
 0.811      3 114
 0.812      2 114
 0.813     -1 115
 0.814     -1 117
 0.815      0 117
 0.816      1 116
 0.817      3 114
 0.818      0 115
 0.819      0 115
 0.820     -2 115
 0.821      1 116
 0.822      3 116
 0.823      1 116
 0.824      2 116
 0.825      1 116
 0.826      1 114
 0.827      2 114
 0.828      2 115
 0.829     -2 115
 0.830      1 115
 0.831      1 116
 0.832      1 115
 0.833      2 114
 0.834      1 115
 0.835      3 116
 0.836     -1 115
 0.837     -3 114
 0.838      1 115
 0.839      1 115
 0.840     -2 114
 0.841      1 115
 0.842      1 116
 0.843      2 115
 0.844      0 113
 0.845      2 115
 0.846      3 116
 0.847      1 116
 0.848     -1 115
 0.849      2 115
 0.850      2 115
 0.851      2 115
 0.852      1 115
 0.853      0 115
 0.854      0 116
 0.855      2 115
 0.856      2 114
 0.857      3 114
 0.858      1 115
 0.859      0 116
 0.860      1 116
 0.861      2 115
 0.862      0 114
 0.863     -1 114
 0.864      1 115
 0.865      2 116
 0.866      2 115
 0.867     -1 113
 0.868      2 114
 0.869      1 114
 0.870      3 115
 0.871      0 114
 0.872      0 114
 0.873      1 116
 0.874      1 117
 0.875      0 116
 0.876      0 114
 0.877     -2 114
 0.878      1 115
 0.879     -1 115
 0.880     -1 114
 0.881      2 115
 0.882      0 116
 0.883     -2 116
 0.884      2 115
 0.885      0 114
 0.886      1 114
 0.887      1 115
 0.888      3 114
 0.889      2 114
 0.890     -2 115
 0.891      3 116
 0.892      6 116
 0.893      2 115
 0.894     -1 114
 0.895      0 114
 0.896     -1 115
 0.897     -2 115
 0.898      0 115
 0.899      2 115
 0.900      0 114
 0.901      0 113
 0.902      1 115
 0.903      1 116
 0.904      1 116
 0.905      2 114
 0.906      3 114
 0.907      1 114
 0.908      2 114
 0.909      1 114
 0.910      1 114
 0.911      3 115
 0.912      0 115
 0.913      2 115
 0.914     -1 115
 0.915      2 115
 0.916      2 114
 0.917      1 115
 0.918      0 115
 0.919      1 115
 0.920      1 116
 0.921      0 115
 0.922     -2 115
 0.923      1 115
 0.924      0 115
 0.925      1 116
 0.926      0 117
 0.927      0 116
 0.928     -1 116
 0.929      1 116
 0.930      2 115
 0.931      1 115
 0.932      1 115
 0.933      1 115
 0.934     -2 115
 0.935     -1 115
 0.936      1 115
 0.937      2 116
 0.938      1 116
 0.939      2 116
 0.940     -1 116
 0.941      0 115
 0.942      0 115
 0.943      1 116
 0.944      0 116
 0.945      0 115
 0.946      4 115
 0.947      1 115
 0.948      0 114
 0.949      1 115
 0.950      1 115
 0.951      1 115
 0.952      2 115
 0.953      3 114
 0.954      1 114
 0.955      3 116
 0.956      1 116
 0.957     -1 115
 0.958      1 114
 0.959      0 114
 0.960     -1 114
 0.961      1 115
 0.962     -1 115
 0.963      1 115
 0.964      1 114
 0.965      4 114
 0.966      1 114
 0.967      1 114
 0.968      2 115
 0.969      2 115
 0.970      4 115
 0.971      2 116
 0.972      0 117
 0.973      1 118
 0.974      0 116
 0.975      1 115
 0.976      0 114
 0.977      3 115
 0.978      2 116
 0.979      2 115
 0.980     -2 113
 0.981      1 114
 0.982      1 115
 0.983     -2 115
 0.984     -2 115
 0.985     -1 115
 0.986      3 114
 0.987      3 114
 0.988      1 115
 0.989      3 115
 0.990      1 116
 0.991     -1 115
 0.992     -1 114
 0.993      1 115
 0.994      2 115
 0.995      2 115
 0.996      1 116
 0.997      3 116
 0.998      0 116
 0.999      0 116
 1.000      0 115
 1.001      1 116
 1.002     -1 116
 1.003      1 115
 1.004      3 114
 1.005      2 115
 1.006     -1 116
 1.007      5 116
 1.008     -1 115
 1.009      1 114
 1.010      2 113
 1.011      0 114
 1.012      2 115
 1.013      5 116
 1.014      3 116
 1.015      3 116
 1.016      5 115
 1.017      1 114
 1.018      9 114
 1.019      8 114
 1.020      5 113
 1.021      5 114
 1.022      8 116
 1.023      5 115
 1.024     10 115
 1.025      9 115
 1.026      8 115
 1.027      8 114
 1.028      9 115
 1.029     12 115
 1.030     13 115
 1.031     13 115
 1.032     12 117
 1.033     12 117
 1.034     15 115
 1.035     17 114
 1.036     13 114
 1.037     17 114
 1.038     19 114
 1.039     20 114
 1.040     19 114
 1.041     22 114
 1.042     20 115
 1.043     20 116
 1.044     23 117
 1.045     22 117
 1.046     24 116
 1.047     28 115
 1.048     28 115
 1.049     29 114
 1.050     32 114
 1.051     34 115
 1.052     33 115
 1.053     35 115
 1.054     33 115
 1.055     36 116
 1.056     40 117
 1.057     40 115
 1.058     42 114
 1.059     44 114
 1.060     41 115
 1.061     44 115
 1.062     44 115
 1.063     51 115
 1.064     48 115
 1.065     52 116
 1.066     54 115
 1.067     55 114
 1.068     54 114
 1.069     55 115
 1.070     60 116
 1.071     61 115
 1.072     63 115
 1.073     63 115
 1.074     66 116
 1.075     68 116
 1.076     71 116
 1.077     70 116
 1.078     70 115
 1.079     74 116
 1.080     78 117
 1.081     79 116
 1.082     80 116
 1.083     83 115
 1.084     85 115
 1.085     86 115
 1.086     90 115
 1.087     90 115
 1.088     93 115
 1.089     95 115
 1.090     95 114
 1.091    100 112
 1.092    103 114
 1.093    104 116
 1.094    105 117
 1.095    106 116
 1.096    112 115
 1.097    113 115
 1.098    114 116
 1.099    118 115
 1.100    117 115
 1.101    122 115
 1.102    125 115
 1.103    126 115
 1.104    128 116
 1.105    131 116
 1.106    135 115
 1.107    136 115
 1.108    138 116
 1.109    144 115
 1.110    147 115
 1.111    149 115
 1.112    148 115
 1.113    152 115
 1.114    154 117
 1.115    159 117
 1.116    161 116
 1.117    161 115
 1.118    164 115
 1.119    170 116
 1.120    171 115
 1.121    176 115
 1.122    178 116
 1.123    181 115
 1.124    183 116
 1.125    187 116
 1.126    188 116
 1.127    190 117
 1.128    191 117
 1.129    200 116
 1.130    200 116
 1.131    205 116
 1.132    210 116
 1.133    212 116
 1.134    213 116
 1.135    218 117
 1.136    219 118
 1.137    224 118
 1.138    230 117
 1.139    231 117
 1.140    233 116
 1.141    237 115
 1.142    241 114
 1.143    243 114
 1.144    247 115
 1.145    250 116
 1.146    254 117
 1.147    256 117
 1.148    261 115
 1.149    265 115
 1.150    266 116
 1.151    272 116
 1.152    274 116
 1.153    276 116
 1.154    281 116
 1.155    288 116
 1.156    288 116
 1.157    294 116
 1.158    297 115
 1.159    300 116
 1.160    303 117
 1.161    307 117
 1.162    314 117
 1.163    316 118
 1.164    321 119
 1.165    322 118
 1.166    330 115
 1.167    329 115
 1.168    336 116
 1.169    340 116
 1.170    343 115
 1.171    347 115
 1.172    350 116
 1.173    357 118
 1.174    361 118
 1.175    363 117
 1.176    369 117
 1.177    374 116
 1.178    377 115
 1.179    384 115
 1.180    386 115
 1.181    390 117
 1.182    393 118
 1.183    396 116
 1.184    403 117
 1.185    408 119
 1.186    410 118
 1.187    414 116
 1.188    419 116
 1.189    425 115
 1.190    431 116
 1.191    438 116
 1.192    438 116
 1.193    443 116
 1.194    449 117
 1.195    450 116
 1.196    456 116
 1.197    462 117
 1.198    465 118
 1.199    471 117
 1.200    474 117
 1.201    480 118
 1.202    484 118
 1.203    489 117
 1.204    493 117
 1.205    497 117
 1.206    504 117
 1.207    509 118
 1.208    515 118
 1.209    521 118
 1.210    525 117
 1.211    530 116
 1.212    535 117
 1.213    540 117
 1.214    544 117
 1.215    551 118
 1.216    554 118
 1.217    559 117
 1.218    564 118
 1.219    573 117
 1.220    577 116
 1.221    582 117
 1.222    585 118
 1.223    588 117
 1.224    596 117
 1.225    599 117
 1.226    609 118
 1.227    614 118
 1.228    619 118
 1.229    622 117
 1.230    629 117
 1.231    634 117
 1.232    640 118
 1.233    645 118
 1.234    652 118
 1.235    655 117
 1.236    664 118
 1.237    669 119
 1.238    674 118
 1.239    682 117
 1.240    686 117
 1.241    688 118
 1.242    695 118
 1.243    702 117
 1.244    707 118
 1.245    715 119
 1.246    720 117
 1.247    726 117
 1.248    732 119
 1.249    737 119
 1.250    744 118
 1.251    749 119
 1.252    755 119
 1.253    763 117
 1.254    765 116
 1.255    771 117
 1.256    779 117
 1.257    788 117
 1.258    793 117
 1.259    798 119
 1.260    804 121
 1.261    812 120
 1.262    820 119
 1.263    824 119
 1.264    833 118
 1.265    836 118
 1.266    839 118
 1.267    848 119
 1.268    854 119
 1.269    861 120
 1.270    867 120
 1.271    875 119
 1.272    882 118
 1.273    888 118
 1.274    893 118
 1.275    901 119
 1.276    908 119
 1.277    915 119
 1.278    919 119
 1.279    929 119
 1.280    931 120
 1.281    939 120
 1.282    947 119
 1.283    953 118
 1.284    960 118
 1.285    970 119
 1.286    977 119
 1.287    981 119
 1.288    987 120
 1.289    997 120
 1.290   1002 119
 1.291   1008 119
 1.292   1016 120
 1.293   1021 119
 1.294   1028 118
 1.295   1036 119
 1.296   1042 119
 1.297   1049 119
 1.298   1058 119
 1.299   1065 119
 1.300   1073 120
 1.301   1079 120
 1.302   1086 119
 1.303   1096 120
 1.304   1101 119
 1.305   1111 118
 1.306   1117 118
 1.307   1124 120
 1.308   1128 120
 1.309   1137 119
 1.310   1148 119
 1.311   1155 118
 1.312   1162 119
 1.313   1170 120
 1.314   1175 121
 1.315   1183 121
 1.316   1189 120
 1.317   1198 120
 1.318   1205 119
 1.319   1211 119
 1.320   1220 119
 1.321   1228 120
 1.322   1238 120
 1.323   1245 120
 1.324   1254 121
 1.325   1260 121
 1.326   1268 120
 1.327   1277 120
 1.328   1282 120
 1.329   1292 120
 1.330   1297 120
 1.331   1307 121
 1.332   1314 122
 1.333   1322 122
 1.334   1331 121
 1.335   1340 121
 1.336   1344 121
 1.337   1355 121
 1.338   1366 120
 1.339   1371 120
 1.340   1377 122
 1.341   1386 122
 1.342   1395 120
 1.343   1402 120
 1.344   1415 119
 1.345   1421 119
 1.346   1430 121
 1.347   1435 121
 1.348   1443 121
 1.349   1452 120
 1.350   1461 120
 1.351   1469 121
 1.352   1481 121
 1.353   1487 120
 1.354   1497 120
 1.355   1501 121
 1.356   1514 121
 1.357   1521 121
 1.358   1532 121
 1.359   1538 121
 1.360   1545 122
 1.361   1556 122
 1.362   1565 122
 1.363   1572 122
 1.364   1579 122
 1.365   1592 122
 1.366   1598 121
 1.367   1607 121
 1.368   1615 120
 1.369   1631 120
 1.370   1636 121
 1.371   1646 122
 1.372   1653 122
 1.373   1664 122
 1.374   1670 122
 1.375   1679 122
 1.376   1690 122
 1.377   1699 122
 1.378   1711 123
 1.379   1716 122
 1.380   1725 122
 1.381   1737 123
 1.382   1744 122
 1.383   1753 121
 1.384   1764 121
 1.385   1771 121
 1.386   1781 122
 1.387   1789 123
 1.388   1798 123
 1.389   1810 122
 1.390   1815 123
 1.391   1826 123
 1.392   1836 123
 1.393   1846 122
 1.394   1855 121
 1.395   1867 121
 1.396   1875 122
 1.397   1886 122
 1.398   1894 123
 1.399   1901 123
 1.400   1915 122
 1.401   1923 122
 1.402   1934 123
 1.403   1942 125
 1.404   1951 124
 1.405   1962 123
 1.406   1970 123
 1.407   1981 124
 1.408   1991 124
 1.409   2001 124
 1.410   2012 124
 1.411   2020 124
 1.412   2030 124
 1.413   2042 123
 1.414   2049 123
 1.415   2061 123
 1.416   2071 125
 1.417   2082 125
 1.418   2092 124
 1.419   2097 124
 1.420   2109 125
 1.421   2120 124
 1.422   2130 123
 1.423   2140 124
 1.424   2152 125
 1.425   2159 124
 1.426   2172 123
 1.427   2181 124
 1.428   2191 124
 1.429   2201 123
 1.430   2212 123
 1.431   2224 123
 1.432   2234 123
 1.433   2243 125
 1.434   2252 125
 1.435   2263 125
 1.436   2276 126
 1.437   2286 126
 1.438   2294 125
 1.439   2309 124
 1.440   2317 124
 1.441   2327 125
 1.442   2339 125
 1.443   2348 125
 1.444   2363 125
 1.445   2371 125
 1.446   2381 125
 1.447   2392 124
 1.448   2401 124
 1.449   2414 124
 1.450   2425 124
 1.451   2435 125
 1.452   2446 125
 1.453   2460 125
 1.454   2468 126
 1.455   2479 126
 1.456   2489 126
 1.457   2502 125
 1.458   2513 125
 1.459   2524 125
 1.460   2534 125
 1.461   2548 125
 1.462   2558 125
 1.463   2570 125
 1.464   2576 125
 1.465   2588 126
 1.466   2601 127
 1.467   2614 125
 1.468   2624 124
 1.469   2637 125
 1.470   2645 126
 1.471   2658 127
 1.472   2669 126
 1.473   2681 126
 1.474   2693 127
 1.475   2705 127
 1.476   2718 127
 1.477   2730 127
 1.478   2739 127
 1.479   2752 127
 1.480   2761 126
 1.481   2773 127
 1.482   2781 127
 1.483   2791 126
 1.484   2806 127
 1.485   2820 128
 1.486   2831 128
 1.487   2844 129
 1.488   2857 128
 1.489   2866 127
 1.490   2877 127
 1.491   2887 128
 1.492   2901 128
 1.493   2916 128
 1.494   2924 128
 1.495   2935 128
 1.496   2950 128
 1.497   2959 128
 1.498   2973 127
 1.499   2984 126
 1.500   3002 127
 1.501   3009 128
 1.502   3021 126
 1.503   3034 126
 1.504   3049 128
 1.505   3058 129
 1.506   3071 127
 1.507   3081 126
 1.508   3097 126
 1.509   3107 128
 1.510   3119 129
 1.511   3131 128
 1.512   3144 128
 1.513   3157 128
 1.514   3167 129
 1.515   3181 128
 1.516   3192 128
 1.517   3208 127
 1.518   3218 128
 1.519   3229 129
 1.520   3243 128
 1.521   3257 128
 1.522   3271 129
 1.523   3282 130
 1.524   3294 130
 1.525   3307 128
 1.526   3318 128
 1.527   3334 129
 1.528   3340 130
 1.529   3357 130
 1.530   3368 130
 1.531   3384 129
 1.532   3395 129
 1.533   3411 129
 1.534   3421 128
 1.535   3435 128
 1.536   3447 130
 1.537   3460 130
 1.538   3471 130
 1.539   3485 130
 1.540   3500 131
 1.541   3515 131
 1.542   3526 130
 1.543   3539 130
 1.544   3552 129
 1.545   3565 129
 1.546   3580 130
 1.547   3590 130
 1.548   3604 130
 1.549   3617 129
 1.550   3629 131
 1.551   3644 131
 1.552   3658 130
 1.553   3669 130
 1.554   3685 130
 1.555   3695 130
 1.556   3710 131
 1.557   3725 131
 1.558   3739 131
 1.559   3751 131
 1.560   3765 132
 1.561   3777 133
 1.562   3791 131
 1.563   3804 131
 1.564   3819 131
 1.565   3832 131
 1.566   3844 132
 1.567   3860 132
 1.568   3872 131
 1.569   3885 129
 1.570   3900 130
 1.571   3910 132
 1.572   3928 131
 1.573   3945 131
 1.574   3955 132
 1.575   3969 132
 1.576   3984 131
 1.577   4000 130
 1.578   4009 131
 1.579   4026 132
 1.580   4039 131
 1.581   4050 131
 1.582   4067 132
 1.583   4082 133
 1.584   4093 133
 1.585   4111 133
 1.586   4125 132
 1.587   4137 132
 1.588   4148 132
 1.589   4165 132
 1.590   4180 133
 1.591   4193 133
 1.592   4208 133
 1.593   4222 132
 1.594   4237 131
 1.595   4252 131
 1.596   4263 132
 1.597   4281 133
 1.598   4293 132
 1.599   4308 131
 1.600   4325 130
 1.601   4334 131
 1.602   4352 132
 1.603   4368 132
 1.604   4382 133
 1.605   4398 132
 1.606   4411 132
 1.607   4421 133
 1.608   4439 132
 1.609   4451 132
 1.610   4470 132
 1.611   4482 133
 1.612   4497 133
 1.613   4514 132
 1.614   4526 133
 1.615   4545 135
 1.616   4556 135
 1.617   4569 135
 1.618   4585 134
 1.619   4603 134
 1.620   4616 133
 1.621   4630 134
 1.622   4646 134
 1.623   4664 133
 1.624   4675 133
 1.625   4691 134
 1.626   4704 133
 1.627   4719 133
 1.628   4737 135
 1.629   4752 135
 1.630   4767 134
 1.631   4781 133
 1.632   4797 135
 1.633   4811 136
 1.634   4826 137
 1.635   4842 137
 1.636   4858 138
 1.637   4872 137
 1.638   4883 136
 1.639   4902 135
 1.640   4915 134
 1.641   4933 135
 1.642   4949 135
 1.643   4963 135
 1.644   4980 134
 1.645   4995 135
 1.646   5013 136
 1.647   5025 136
 1.648   5041 137
 1.649   5058 138
 1.650   5073 137
 1.651   5088 137
 1.652   5103 137
 1.653   5119 136
 1.654   5135 135
 1.655   5149 135
 1.656   5165 135
 1.657   5182 136
 1.658   5198 137
 1.659   5212 137
 1.660   5229 136
 1.661   5245 136
 1.662   5262 137
 1.663   5277 136
 1.664   5291 136
 1.665   5308 136
 1.666   5323 137
 1.667   5340 137
 1.668   5357 137
 1.669   5373 138
 1.670   5387 138
 1.671   5405 139
 1.672   5416 139
 1.673   5435 139
 1.674   5449 138
 1.675   5466 138
 1.676   5483 139
 1.677   5500 138
 1.678   5515 136
 1.679   5532 137
 1.680   5549 139
 1.681   5563 139
 1.682   5578 139
 1.683   5594 138
 1.684   5614 139
 1.685   5627 140
 1.686   5642 140
 1.687   5664 139
 1.688   5679 138
 1.689   5695 138
 1.690   5711 139
 1.691   5727 140
 1.692   5745 140
 1.693   5762 139
 1.694   5778 138
 1.695   5791 138
 1.696   5808 139
 1.697   5824 140
 1.698   5843 140
 1.699   5861 139
 1.700   5874 139
 1.701   5892 139
 1.702   5912 138
 1.703   5923 140
 1.704   5941 140
 1.705   5960 140
 1.706   5975 140
 1.707   5992 139
 1.708   6014 139
 1.709   6023 140
 1.710   6044 141
 1.711   6061 139
 1.712   6076 138
 1.713   6095 140
 1.714   6111 141
 1.715   6127 141
 1.716   6143 142
 1.717   6159 142
 1.718   6176 141
 1.719   6193 140
 1.720   6213 141
 1.721   6228 142
 1.722   6244 142
 1.723   6261 142
 1.724   6279 141
 1.725   6296 141
 1.726   6314 142
 1.727   6330 142
 1.728   6349 143
 1.729   6366 144
 1.730   6385 144
 1.731   6399 143
 1.732   6415 142
 1.733   6431 142
 1.734   6452 142
 1.735   6467 142
 1.736   6484 142
 1.737   6503 142
 1.738   6519 143
 1.739   6537 143
 1.740   6553 142
 1.741   6571 142
 1.742   6589 142
 1.743   6606 143
 1.744   6625 143
 1.745   6641 143
 1.746   6658 142
 1.747   6682 141
 1.748   6693 142
 1.749   6715 142
 1.750   6730 143
 1.751   6747 143
 1.752   6763 143
 1.753   6783 143
 1.754   6798 143
 1.755   6820 142
 1.756   6836 144
 1.757   6854 144
 1.758   6869 144
 1.759   6887 145
 1.760   6906 145
 1.761   6922 144
 1.762   6942 144
 1.763   6959 145
 1.764   6976 145
 1.765   6994 145
 1.766   7014 145
 1.767   7033 146
 1.768   7049 146
 1.769   7067 146
 1.770   7084 146
 1.771   7102 145
 1.772   7121 144
 1.773   7139 144
 1.774   7156 144
 1.775   7173 144
 1.776   7194 144
 1.777   7213 145
 1.778   7229 145
 1.779   7250 145
 1.780   7269 144
 1.781   7281 145
 1.782   7297 145
 1.783   7319 145
 1.784   7337 144
 1.785   7357 144
 1.786   7374 145
 1.787   7392 146
 1.788   7412 145
 1.789   7429 145
 1.790   7446 146
 1.791   7462 146
 1.792   7483 147
 1.793   7502 147
 1.794   7520 145
 1.795   7540 145
 1.796   7556 145
 1.797   7573 147
 1.798   7592 148
 1.799   7610 147
 1.800   7629 147
 1.801   7647 147
 1.802   7667 147
 1.803   7683 147
 1.804   7704 147
 1.805   7720 147
 1.806   7736 147
 1.807   7759 148
 1.808   7780 148
 1.809   7797 148
 1.810   7816 149
 1.811   7833 149
 1.812   7849 148
 1.813   7870 148
 1.814   7889 149
 1.815   7909 149
 1.816   7926 149
 1.817   7945 149
 1.818   7962 148
 1.819   7981 148
 1.820   8002 148
 1.821   8020 148
 1.822   8035 148
 1.823   8059 148
 1.824   8077 148
 1.825   8094 149
 1.826   8112 151
 1.827   8131 151
 1.828   8146 149
 1.829   8169 148
 1.830   8188 148
 1.831   8208 149
 1.832   8225 149
 1.833   8246 150
 1.834   8266 151
 1.835   8282 150
 1.836   8303 150
 1.837   8321 150
 1.838   8341 150
 1.839   8357 149
 1.840   8378 150
 1.841   8396 151
 1.842   8416 151
 1.843   8433 150
 1.844   8453 149
 1.845   8472 150
 1.846   8489 151
 1.847   8509 151
 1.848   8530 150
 1.849   8549 150
 1.850   8568 150
 1.851   8586 150
 1.852   8602 151
 1.853   8622 150
 1.854   8645 151
 1.855   8665 151
 1.856   8683 151
 1.857   8703 152
 1.858   8722 152
 1.859   8743 151
 1.860   8759 152
 1.861   8778 152
 1.862   8799 151
 1.863   8815 152
 1.864   8836 153
 1.865   8855 152
 1.866   8876 153
 1.867   8895 153
 1.868   8915 154
 1.869   8933 154
 1.870   8953 153
 1.871   8970 153
 1.872   8990 153
 1.873   9009 153
 1.874   9032 153
 1.875   9049 153
 1.876   9070 154
 1.877   9086 154
 1.878   9108 155
 1.879   9130 154
 1.880   9145 153
 1.881   9168 151
 1.882   9184 151
 1.883   9205 153
 1.884   9223 153
 1.885   9244 154
 1.886   9264 154
 1.887   9282 153
 1.888   9302 153
 1.889   9321 153
 1.890   9343 153
 1.891   9361 153
 1.892   9383 153
 1.893   9401 153
 1.894   9419 153
 1.895   9441 154
 1.896   9458 155
 1.897   9480 155
 1.898   9497 155
 1.899   9517 154
 1.900   9535 155
 1.901   9555 155
 1.902   9575 155
 1.903   9595 154
 1.904   9612 155
 1.905   9635 156
 1.906   9655 154
 1.907   9677 154
 1.908   9696 156
 1.909   9715 157
 1.910   9734 157
 1.911   9755 156
 1.912   9776 156
 1.913   9794 156
 1.914   9815 155
 1.915   9834 155
 1.916   9854 156
 1.917   9875 156
 1.918   9891 156
 1.919   9914 156
 1.920   9934 158
 1.921   9950 159
 1.922   9973 158
 1.923   9990 158
 1.924  10010 159
 1.925  10028 158
 1.926  10051 157
 1.927  10073 156
 1.928  10091 157
 1.929  10110 157
 1.930  10130 158
 1.931  10151 158
 1.932  10174 157
 1.933  10194 156
 1.934  10209 158
 1.935  10228 159
 1.936  10250 159
 1.937  10271 159
 1.938  10289 158
 1.939  10312 158
 1.940  10330 158
 1.941  10349 157
 1.942  10368 157
 1.943  10388 159
 1.944  10409 159
 1.945  10430 158
 1.946  10449 158
 1.947  10467 160
 1.948  10487 160
 1.949  10510 160
 1.950  10531 160
 1.951  10552 159
 1.952  10569 159
 1.953  10588 160
 1.954  10609 161
 1.955  10630 160
 1.956  10647 159
 1.957  10668 159
 1.958  10689 159
 1.959  10708 160
 1.960  10727 161
 1.961  10750 162
 1.962  10770 161
 1.963  10790 160
 1.964  10811 161
 1.965  10827 160
 1.966  10847 158
 1.967  10870 160
 1.968  10887 162
 1.969  10910 162
 1.970  10929 160
 1.971  10948 160
 1.972  10969 160
 1.973  10991 160
 1.974  11009 162
 1.975  11027 162
 1.976  11051 161
 1.977  11070 161
 1.978  11092 162
 1.979  11109 161
 1.980  11127 161
 1.981  11149 161
 1.982  11171 161
 1.983  11191 161
 1.984  11212 162
 1.985  11231 162
 1.986  11250 162
 1.987  11271 162
 1.988  11291 162
 1.989  11309 162
 1.990  11330 162
 1.991  11353 163
 1.992  11369 163
 1.993  11388 163
 1.994  11410 162
 1.995  11431 162
 1.996  11452 163
 1.997  11472 162
 1.998  11491 162
 1.999  11513 163
 2.000  11532 163
 2.001  11550 163
 2.002  11571 163
 2.003  11593 164
 2.004  11612 164
 2.005  11633 164
 2.006  11652 163
 2.007  11671 163
 2.008  11690 164
 2.009  11714 164
 2.010  11736 164
 2.011  11751 163
 2.012  11772 164
 2.013  11792 164
 2.014  11814 163
 2.015  11833 163
 2.016  11855 164
 2.017  11872 165
 2.018  11892 165
 2.019  11911 164
 2.020  11933 166
 2.021  11950 167
 2.022  11972 167
 2.023  11993 165
 2.024  12010 165
 2.025  12033 165
 2.026  12049 166
 2.027  12072 166
 2.028  12091 166
 2.029  12110 166
 2.030  12133 167
 2.031  12150 167
 2.032  12172 166
 2.033  12193 166
 2.034  12211 166
 2.035  12234 166
 2.036  12250 167
 2.037  12272 166
 2.038  12293 166
 2.039  12311 166
 2.040  12331 166
 2.041  12355 166
 2.042  12370 166
 2.043  12393 166
 2.044  12409 167
 2.045  12431 167
 2.046  12452 167
 2.047  12471 168
 2.048  12491 167
 2.049  12509 166
 2.050  12528 166
 2.051  12549 167
 2.052  12568 169
 2.053  12591 168
 2.054  12611 167
 2.055  12630 167
 2.056  12649 167
 2.057  12669 167
 2.058  12688 168
 2.059  12709 169
 2.060  12730 169
 2.061  12747 169
 2.062  12768 168
 2.063  12786 167
 2.064  12807 168
 2.065  12825 169
 2.066  12844 168
 2.067  12865 166
 2.068  12887 166
 2.069  12905 167
 2.070  12926 168
 2.071  12949 169
 2.072  12968 168
 2.073  12983 168
 2.074  13005 169
 2.075  13025 170
 2.076  13047 170
 2.077  13063 169
 2.078  13083 168
 2.079  13103 168
 2.080  13124 168
 2.081  13142 169
 2.082  13161 170
 2.083  13181 170
 2.084  13198 169
 2.085  13222 169
 2.086  13239 170
 2.087  13260 171
 2.088  13277 170
 2.089  13300 171
 2.090  13318 171
 2.091  13338 171
 2.092  13358 170
 2.093  13376 170
 2.094  13394 170
 2.095  13414 170
 2.096  13433 170
 2.097  13455 171
 2.098  13470 171
 2.099  13496 172
 2.100  13514 172
 2.101  13533 171
 2.102  13551 171
 2.103  13572 171
 2.104  13591 170
 2.105  13608 171
 2.106  13628 172
 2.107  13647 172
 2.108  13668 173
 2.109  13684 173
 2.110  13704 173
 2.111  13723 174
 2.112  13740 174
 2.113  13762 174
 2.114  13784 174
 2.115  13800 173
 2.116  13819 172
 2.117  13840 173
 2.118  13859 172
 2.119  13879 171
 2.120  13897 171
 2.121  13915 172
 2.122  13934 174
 2.123  13951 174
 2.124  13971 174
 2.125  13991 175
 2.126  14013 174
 2.127  14029 174
 2.128  14046 174
 2.129  14067 175
 2.130  14088 174
 2.131  14103 173
 2.132  14123 173
 2.133  14145 174
 2.134  14160 173
 2.135  14182 172
 2.136  14199 173
 2.137  14216 175
 2.138  14237 177
 2.139  14255 177
 2.140  14273 176
 2.141  14293 176
 2.142  14310 175
 2.143  14326 175
 2.144  14348 176
 2.145  14365 176
 2.146  14384 177
 2.147  14403 177
 2.148  14419 176
 2.149  14440 175
 2.150  14462 175
 2.151  14477 175
 2.152  14496 176
 2.153  14514 177
 2.154  14529 177
 2.155  14555 175
 2.156  14568 175
 2.157  14588 175
 2.158  14607 176
 2.159  14626 177
 2.160  14644 177
 2.161  14661 176
 2.162  14679 176
 2.163  14698 176
 2.164  14716 177
 2.165  14730 177
 2.166  14752 177
 2.167  14769 177
 2.168  14786 176
 2.169  14806 176
 2.170  14826 177
 2.171  14842 177
 2.172  14859 176
 2.173  14874 176
 2.174  14893 177
 2.175  14914 177
 2.176  14931 177
 2.177  14948 178
 2.178  14969 178
 2.179  14987 178
 2.180  15002 178
 2.181  15021 177
 2.182  15040 179
 2.183  15058 179
 2.184  15075 178
 2.185  15092 177
 2.186  15107 177
 2.187  15126 177
 2.188  15142 178
 2.189  15162 179
 2.190  15181 179
 2.191  15194 179
 2.192  15215 179
 2.193  15231 178
 2.194  15248 177
 2.195  15266 178
 2.196  15285 179
 2.197  15299 178
 2.198  15318 178
 2.199  15336 179
 2.200  15353 179
 2.201  15372 179
 2.202  15389 179
 2.203  15404 179
 2.204  15421 179
 2.205  15440 180
 2.206  15457 180
 2.207  15472 180
 2.208  15492 180
 2.209  15505 180
 2.210  15522 179
 2.211  15541 178
 2.212  15559 179
 2.213  15573 179
 2.214  15591 178
 2.215  15606 179
 2.216  15623 179
 2.217  15639 179
 2.218  15657 180
 2.219  15676 181
 2.220  15688 181
 2.221  15709 182
 2.222  15721 181
 2.223  15740 180
 2.224  15756 181
 2.225  15775 180
 2.226  15789 179
 2.227  15805 179
 2.228  15824 180
 2.229  15837 181
 2.230  15855 181
 2.231  15871 183
 2.232  15888 183
 2.233  15904 182
 2.234  15917 181
 2.235  15934 180
 2.236  15948 180
 2.237  15968 181
 2.238  15984 182
 2.239  15999 181
 2.240  16016 180
 2.241  16031 182
 2.242  16047 183
 2.243  16062 182
 2.244  16079 181
 2.245  16095 182
 2.246  16109 182
 2.247  16126 181
 2.248  16143 181
 2.249  16158 182
 2.250  16174 182
 2.251  16186 182
 2.252  16201 182
 2.253  16219 182
 2.254  16236 182
 2.255  16249 182
 2.256  16265 182
 2.257  16278 182
 2.258  16296 182
 2.259  16310 181
 2.260  16323 181
 2.261  16341 183
 2.262  16357 183
 2.263  16371 182
 2.264  16387 182
 2.265  16402 182
 2.266  16416 182
 2.267  16430 183
 2.268  16445 184
 2.269  16457 183
 2.270  16475 183
 2.271  16490 184
 2.272  16503 184
 2.273  16518 184
 2.274  16533 184
 2.275  16548 184
 2.276  16560 184
 2.277  16574 184
 2.278  16590 185
 2.279  16603 184
 2.280  16617 183
 2.281  16633 184
 2.282  16647 184
 2.283  16661 184
 2.284  16675 183
 2.285  16690 183
 2.286  16703 183
 2.287  16718 185
 2.288  16734 187
 2.289  16744 187
 2.290  16759 185
 2.291  16773 184
 2.292  16788 186
 2.293  16801 186
 2.294  16818 185
 2.295  16833 185
 2.296  16842 185
 2.297  16853 186
 2.298  16870 185
 2.299  16881 183
 2.300  16896 184
 2.301  16910 186
 2.302  16923 187
 2.303  16938 185
 2.304  16948 185
 2.305  16961 187
 2.306  16973 187
 2.307  16986 187
 2.308  17003 185
 2.309  17012 186
 2.310  17029 186
 2.311  17042 185
 2.312  17052 185
 2.313  17066 186
 2.314  17077 187
 2.315  17089 186
 2.316  17103 186
 2.317  17111 186
 2.318  17127 186
 2.319  17142 186
 2.320  17153 186
 2.321  17165 185
 2.322  17180 186
 2.323  17188 188
 2.324  17202 188
 2.325  17212 188
 2.326  17228 187
 2.327  17241 187
 2.328  17250 187
 2.329  17259 187
 2.330  17274 187
 2.331  17285 187
 2.332  17296 188
 2.333  17307 187
 2.334  17321 186
 2.335  17334 186
 2.336  17344 187
 2.337  17356 187
 2.338  17370 188
 2.339  17377 188
 2.340  17389 189
 2.341  17404 187
 2.342  17409 187
 2.343  17424 187
 2.344  17434 187
 2.345  17447 187
 2.346  17455 188
 2.347  17466 188
 2.348  17478 188
 2.349  17492 188
 2.350  17501 187
 2.351  17510 187
 2.352  17523 188
 2.353  17533 189
 2.354  17542 188
 2.355  17547 187
 2.356  17563 188
 2.357  17573 188
 2.358  17583 187
 2.359  17595 188
 2.360  17604 190
 2.361  17613 190
 2.362  17624 189
 2.363  17635 189
 2.364  17644 189
 2.365  17655 190
 2.366  17661 190
 2.367  17675 190
 2.368  17685 191
 2.369  17691 191
 2.370  17704 190
 2.371  17713 189
 2.372  17723 188
 2.373  17731 188
 2.374  17739 188
 2.375  17750 188
 2.376  17758 188
 2.377  17768 190
 2.378  17778 191
 2.379  17783 189
 2.380  17792 189
 2.381  17805 190
 2.382  17815 190
 2.383  17822 189
 2.384  17828 191
 2.385  17838 192
 2.386  17847 191
 2.387  17855 189
 2.388  17862 189
 2.389  17874 189
 2.390  17883 189
 2.391  17889 188
 2.392  17897 189
 2.393  17905 189
 2.394  17916 189
 2.395  17919 189
 2.396  17928 189
 2.397  17937 189
 2.398  17946 190
 2.399  17955 190
 2.400  17962 191
 2.401  17969 190
 2.402  17975 190
 2.403  17984 191
 2.404  17991 190
 2.405  17997 189
 2.406  18007 188
 2.407  18012 187
 2.408  18019 188
 2.409  18026 188
 2.410  18033 189
 2.411  18038 191
 2.412  18047 191
 2.413  18052 190
 2.414  18061 190
 2.415  18068 190
 2.416  18073 189
 2.417  18077 189
 2.418  18086 190
 2.419  18094 192
 2.420  18099 193
 2.421  18105 192
 2.422  18109 191
 2.423  18120 190
 2.424  18123 188
 2.425  18129 188
 2.426  18135 189
 2.427  18140 189
 2.428  18147 189
 2.429  18154 190
 2.430  18161 192
 2.431  18161 193
 2.432  18169 192
 2.433  18176 190
 2.434  18183 190
 2.435  18187 189
 2.436  18191 189
 2.437  18195 191
 2.438  18201 191
 2.439  18207 190
 2.440  18209 188
 2.441  18217 189
 2.442  18222 191
 2.443  18223 191
 2.444  18228 191
 2.445  18231 191
 2.446  18239 191
 2.447  18243 191
 2.448  18246 190
 2.449  18248 190
 2.450  18254 191
 2.451  18260 192
 2.452  18261 191
 2.453  18268 191
 2.454  18267 192
 2.455  18273 191
 2.456  18276 190
 2.457  18283 192
 2.458  18283 193
 2.459  18287 192
 2.460  18289 192
 2.461  18295 193
 2.462  18295 193
 2.463  18298 191
 2.464  18302 190
 2.465  18308 192
 2.466  18311 192
 2.467  18311 192
 2.468  18315 191
 2.469  18318 191
 2.470  18321 192
 2.471  18320 192
 2.472  18323 191
 2.473  18328 191
 2.474  18329 191
 2.475  18331 191
 2.476  18334 192
 2.477  18335 193
 2.478  18337 193
 2.479  18342 193
 2.480  18340 193
 2.481  18341 194
 2.482  18343 193
 2.483  18345 192
 2.484  18348 192
 2.485  18346 191
 2.486  18351 191
 2.487  18349 192
 2.488  18349 193
 2.489  18353 193
 2.490  18355 193
 2.491  18353 192
 2.492  18353 192
 2.493  18356 192
 2.494  18354 190
 2.495  18357 190
 2.496  18355 190
 2.497  18358 191
 2.498  18359 192
 2.499  18357 192
 2.500  18357 192
 2.501  18354 191
 2.502  18358 190
 2.503  18358 191
 2.504  18357 192
 2.505  18356 190
 2.506  18354 190
 2.507  18356 191
 2.508  18355 191
 2.509  18350 190
 2.510  18350 190
 2.511  18353 192
 2.512  18349 192
 2.513  18347 191
 2.514  18349 190
 2.515  18348 191
 2.516  18347 190
 2.517  18345 190
 2.518  18341 191
 2.519  18341 192
 2.520  18341 192
 2.521  18338 191
 2.522  18335 192
 2.523  18337 193
 2.524  18332 193
 2.525  18330 192
 2.526  18329 191
 2.527  18328 192
 2.528  18326 193
 2.529  18322 193
 2.530  18317 191
 2.531  18315 191
 2.532  18311 191
 2.533  18312 192
 2.534  18307 194
 2.535  18304 194
 2.536  18301 192
 2.537  18299 191
 2.538  18292 191
 2.539  18290 191
 2.540  18288 191
 2.541  18283 191
 2.542  18279 190
 2.543  18275 190
 2.544  18276 191
 2.545  18268 191
 2.546  18266 191
 2.547  18259 191
 2.548  18256 192
 2.549  18253 193
 2.550  18247 192
 2.551  18243 191
 2.552  18241 192
 2.553  18233 192
 2.554  18229 191
 2.555  18225 192
 2.556  18222 193
 2.557  18214 192
 2.558  18211 191
 2.559  18202 190
 2.560  18198 192
 2.561  18191 192
 2.562  18186 191
 2.563  18182 191
 2.564  18174 191
 2.565  18170 190
 2.566  18164 189
 2.567  18159 190
 2.568  18150 191
 2.569  18146 190
 2.570  18138 189
 2.571  18134 189
 2.572  18125 189
 2.573  18117 190
 2.574  18112 191
 2.575  18107 191
 2.576  18099 190
 2.577  18093 190
 2.578  18084 191
 2.579  18074 190
 2.580  18071 191
 2.581  18065 191
 2.582  18057 191
 2.583  18050 191
 2.584  18042 190
 2.585  18032 190
 2.586  18026 190
 2.587  18017 190
 2.588  18009 190
 2.589  18000 189
 2.590  17990 188
 2.591  17981 189
 2.592  17975 190
 2.593  17964 189
 2.594  17959 189
 2.595  17948 189
 2.596  17941 189
 2.597  17932 189
 2.598  17925 189
 2.599  17915 190
 2.600  17905 189
 2.601  17893 188
 2.602  17886 188
 2.603  17877 189
 2.604  17867 189
 2.605  17858 190
 2.606  17847 190
 2.607  17839 188
 2.608  17827 188
 2.609  17816 188
 2.610  17806 188
 2.611  17801 189
 2.612  17786 188
 2.613  17774 188
 2.614  17765 188
 2.615  17755 188
 2.616  17741 187
 2.617  17735 188
 2.618  17719 189
 2.619  17710 189
 2.620  17698 188
 2.621  17687 189
 2.622  17677 189
 2.623  17664 189
 2.624  17649 188
 2.625  17640 189
 2.626  17626 188
 2.627  17619 187
 2.628  17603 186
 2.629  17592 187
 2.630  17580 189
 2.631  17570 188
 2.632  17555 187
 2.633  17542 187
 2.634  17529 187
 2.635  17515 188
 2.636  17506 189
 2.637  17491 188
 2.638  17477 188
 2.639  17465 187
 2.640  17451 186
 2.641  17440 187
 2.642  17424 189
 2.643  17409 190
 2.644  17399 188
 2.645  17384 187
 2.646  17369 188
 2.647  17356 189
 2.648  17338 189
 2.649  17325 187
 2.650  17311 186
 2.651  17296 185
 2.652  17282 187
 2.653  17269 188
 2.654  17255 188
 2.655  17238 186
 2.656  17220 185
 2.657  17209 185
 2.658  17191 186
 2.659  17178 185
 2.660  17164 186
 2.661  17146 186
 2.662  17131 186
 2.663  17114 185
 2.664  17099 186
 2.665  17081 187
 2.666  17067 187
 2.667  17051 186
 2.668  17037 186
 2.669  17019 185
 2.670  17005 186
 2.671  16981 187
 2.672  16968 187
 2.673  16954 187
 2.674  16935 187
 2.675  16918 186
 2.676  16903 185
 2.677  16885 184
 2.678  16868 185
 2.679  16849 185
 2.680  16830 184
 2.681  16811 184
 2.682  16793 184
 2.683  16778 186
 2.684  16759 186
 2.685  16743 185
 2.686  16726 185
 2.687  16707 185
 2.688  16688 185
 2.689  16668 184
 2.690  16649 184
 2.691  16632 184
 2.692  16612 184
 2.693  16595 185
 2.694  16573 185
 2.695  16555 184
 2.696  16536 183
 2.697  16518 183
 2.698  16499 183
 2.699  16476 183
 2.700  16460 183
 2.701  16439 183
 2.702  16417 182
 2.703  16398 182
 2.704  16377 183
 2.705  16356 183
 2.706  16339 182
 2.707  16315 182
 2.708  16298 183
 2.709  16276 182
 2.710  16255 182
 2.711  16236 184
 2.712  16211 185
 2.713  16191 184
 2.714  16169 182
 2.715  16147 182
 2.716  16128 182
 2.717  16107 181
 2.718  16084 180
 2.719  16064 181
 2.720  16042 182
 2.721  16021 182
 2.722  15998 183
 2.723  15973 182
 2.724  15954 181
 2.725  15928 181
 2.726  15907 180
 2.727  15885 180
 2.728  15864 181
 2.729  15841 182
 2.730  15816 182
 2.731  15794 182
 2.732  15770 180
 2.733  15748 179
 2.734  15721 180
 2.735  15700 180
 2.736  15676 182
 2.737  15652 183
 2.738  15628 182
 2.739  15605 181
 2.740  15580 180
 2.741  15556 179
 2.742  15531 178
 2.743  15506 179
 2.744  15484 179
 2.745  15459 179
 2.746  15433 179
 2.747  15410 179
 2.748  15383 179
 2.749  15362 180
 2.750  15333 180
 2.751  15308 179
 2.752  15284 178
 2.753  15258 178
 2.754  15233 178
 2.755  15208 178
 2.756  15184 179
 2.757  15156 179
 2.758  15125 179
 2.759  15104 178
 2.760  15079 178
 2.761  15048 178
 2.762  15027 179
 2.763  14998 177
 2.764  14970 177
 2.765  14944 178
 2.766  14918 177
 2.767  14893 177
 2.768  14864 178
 2.769  14838 178
 2.770  14810 177
 2.771  14783 177
 2.772  14758 177
 2.773  14728 177
 2.774  14697 176
 2.775  14675 176
 2.776  14649 176
 2.777  14616 178
 2.778  14589 177
 2.779  14558 175
 2.780  14531 175
 2.781  14502 175
 2.782  14478 175
 2.783  14447 176
 2.784  14420 176
 2.785  14391 175
 2.786  14360 175
 2.787  14331 175
 2.788  14302 174
 2.789  14269 175
 2.790  14243 175
 2.791  14213 174
 2.792  14186 175
 2.793  14154 176
 2.794  14124 175
 2.795  14096 174
 2.796  14067 174
 2.797  14036 174
 2.798  14004 174
 2.799  13975 175
 2.800  13944 174
 2.801  13916 174
 2.802  13884 174
 2.803  13850 172
 2.804  13821 172
 2.805  13789 171
 2.806  13759 171
 2.807  13730 171
 2.808  13697 171
 2.809  13666 172
 2.810  13634 172
 2.811  13602 172
 2.812  13568 171
 2.813  13540 170
 2.814  13507 170
 2.815  13475 170
 2.816  13440 170
 2.817  13410 171
 2.818  13380 172
 2.819  13347 172
 2.820  13314 170
 2.821  13281 169
 2.822  13248 169
 2.823  13213 170
 2.824  13185 170
 2.825  13148 170
 2.826  13113 169
 2.827  13082 169
 2.828  13050 169
 2.829  13018 169
 2.830  12984 169
 2.831  12949 170
 2.832  12915 170
 2.833  12881 169
 2.834  12847 169
 2.835  12815 168
 2.836  12782 168
 2.837  12745 168
 2.838  12710 168
 2.839  12677 169
 2.840  12639 168
 2.841  12609 168
 2.842  12577 168
 2.843  12541 167
 2.844  12504 166
 2.845  12468 166
 2.846  12433 167
 2.847  12400 167
 2.848  12362 167
 2.849  12327 169
 2.850  12290 169
 2.851  12258 168
 2.852  12219 167
 2.853  12184 167
 2.854  12152 166
 2.855  12113 164
 2.856  12080 165
 2.857  12040 166
 2.858  12005 165
 2.859  11969 164
 2.860  11934 163
 2.861  11897 163
 2.862  11859 163
 2.863  11823 163
 2.864  11786 164
 2.865  11746 165
 2.866  11712 164
 2.867  11674 163
 2.868  11636 164
 2.869  11598 163
 2.870  11563 162
 2.871  11525 162
 2.872  11486 162
 2.873  11448 162
 2.874  11411 162
 2.875  11373 162
 2.876  11333 162
 2.877  11298 162
 2.878  11256 162
 2.879  11220 163
 2.880  11186 163
 2.881  11143 163
 2.882  11106 163
 2.883  11068 163
 2.884  11027 162
 2.885  10990 161
 2.886  10951 159
 2.887  10913 159
 2.888  10873 160
 2.889  10832 160
 2.890  10796 160
 2.891  10755 160
 2.892  10714 160
 2.893  10678 160
 2.894  10636 160
 2.895  10597 159
 2.896  10557 158
 2.897  10519 159
 2.898  10477 160
 2.899  10439 160
 2.900  10400 160
 2.901  10357 159
 2.902  10316 159
 2.903  10277 159
 2.904  10238 159
 2.905  10195 160
 2.906  10152 159
 2.907  10116 158
 2.908  10071 158
 2.909  10032 158
 2.910   9992 158
 2.911   9948 157
 2.912   9910 157
 2.913   9866 156
 2.914   9827 155
 2.915   9789 156
 2.916   9743 157
 2.917   9705 158
 2.918   9659 159
 2.919   9620 157
 2.920   9577 156
 2.921   9532 155
 2.922   9495 155
 2.923   9451 155
 2.924   9408 155
 2.925   9365 154
 2.926   9326 153
 2.927   9282 154
 2.928   9238 154
 2.929   9196 153
 2.930   9153 154
 2.931   9111 155
 2.932   9071 155
 2.933   9027 154
 2.934   8983 154
 2.935   8939 153
 2.936   8896 152
 2.937   8855 153
 2.938   8813 152
 2.939   8766 151
 2.940   8724 152
 2.941   8681 153
 2.942   8637 152
 2.943   8594 151
 2.944   8551 150
 2.945   8505 150
 2.946   8459 150
 2.947   8418 150
 2.948   8375 151
 2.949   8329 150
 2.950   8285 148
 2.951   8238 149
 2.952   8198 150
 2.953   8155 149
 2.954   8107 149
 2.955   8063 148
 2.956   8022 147
 2.957   7975 148
 2.958   7929 147
 2.959   7887 148
 2.960   7840 149
 2.961   7792 148
 2.962   7750 147
 2.963   7703 147
 2.964   7661 148
 2.965   7614 148
 2.966   7568 147
 2.967   7524 146
 2.968   7480 146
 2.969   7433 146
 2.970   7388 146
 2.971   7345 145
 2.972   7299 144
 2.973   7249 145
 2.974   7208 146
 2.975   7161 146
 2.976   7117 144
 2.977   7066 144
 2.978   7024 144
 2.979   6972 143
 2.980   6929 143
 2.981   6884 144
 2.982   6837 144
 2.983   6790 144
 2.984   6746 142
 2.985   6698 142
 2.986   6651 142
 2.987   6605 142
 2.988   6561 142
 2.989   6512 142
 2.990   6464 141
 2.991   6417 141
 2.992   6370 141
 2.993   6323 141
 2.994   6276 141
 2.995   6230 141
 2.996   6185 143
 2.997   6136 143
 2.998   6090 141
 2.999   6042 140
 3.000   5994 139
 3.001   5949 139
 3.002   5898 140
 3.003   5849 140
 3.004   5803 140
 3.005   5755 141
 3.006   5709 141
 3.007   5661 139
 3.008   5616 138
 3.009   5567 140
 3.010   5515 139
 3.011   5470 138
 3.012   5421 137
 3.013   5375 137
 3.014   5324 137
 3.015   5277 137
 3.016   5228 137
 3.017   5183 138
 3.018   5133 138
 3.019   5084 137
 3.020   5036 137
 3.021   4989 136
 3.022   4940 135
 3.023   4891 135
 3.024   4845 135
 3.025   4796 136
 3.026   4747 135
 3.027   4699 134
 3.028   4650 135
 3.029   4603 136
 3.030   4553 135
 3.031   4502 134
 3.032   4454 134
 3.033   4406 133
 3.034   4357 132
 3.035   4308 133
 3.036   4262 134
 3.037   4210 134
 3.038   4160 132
 3.039   4113 131
 3.040   4063 132
 3.041   4015 131
 3.042   3966 131
 3.043   3915 132
 3.044   3864 132
 3.045   3815 132
 3.046   3767 131
 3.047   3719 130
 3.048   3668 132
 3.049   3619 132
 3.050   3570 131
 3.051   3520 130
 3.052   3472 129
 3.053   3422 130
 3.054   3372 130
 3.055   3323 130
 3.056   3273 129
 3.057   3223 128
 3.058   3174 129
 3.059   3125 129
 3.060   3073 128
 3.061   3028 128
 3.062   2974 127
 3.063   2925 126
 3.064   2875 126
 3.065   2826 125
 3.066   2778 125
 3.067   2729 126
 3.068   2677 127
 3.069   2629 128
 3.070   2576 127
 3.071   2528 126
 3.072   2478 126
 3.073   2427 125
 3.074   2378 125
 3.075   2329 126
 3.076   2273 126
 3.077   2227 124
 3.078   2175 124
 3.079   2126 123
 3.080   2074 123
 3.081   2025 123
 3.082   1978 123
 3.083   1929 123
 3.084   1876 123
 3.085   1826 123
 3.086   1775 122
 3.087   1725 122
 3.088   1674 123
 3.089   1623 123
 3.090   1575 122
 3.091   1523 122
 3.092   1475 123
 3.093   1425 122
 3.094   1372 122
 3.095   1324 122
 3.096   1275 121
 3.097   1221 121
 3.098   1173 121
 3.099   1123 121
 3.100   1075 121
 3.101   1021 121
 3.102    971 120
 3.103    919 118
 3.104    873 118
 3.105    820 118
 3.106    771 118
 3.107    722 118
 3.108    669 119
 3.109    620 119
 3.110    569 119
 3.111    518 119
 3.112    471 118
 3.113    420 117
 3.114    369 117
 3.115    317 116
 3.116    268 114
 3.117    219 114
 3.118    167 115
 3.119    117 115
 3.120     66 115
 3.121     16 115
 3.122    -30 115
 3.123    -85 114
 3.124   -134 114
 3.125   -183 114
 3.126   -233 114
 3.127   -286 113
 3.128   -336 113
 3.129   -386 113
 3.130   -435 114
 3.131   -486 113
 3.132   -535 112
 3.133   -585 113
 3.134   -635 113
 3.135   -683 113
 3.136   -735 112
 3.137   -786 111
 3.138   -834 111
 3.139   -885 111
 3.140   -932 111
 3.141   -986 111
 3.142  -1034 111
 3.143  -1083 111
 3.144  -1135 110
 3.145  -1185 109
 3.146  -1232 110
 3.147  -1281 110
 3.148  -1331 109
 3.149  -1384 109
 3.150  -1432 109
 3.151  -1482 108
 3.152  -1531 109
 3.153  -1579 109
 3.154  -1631 109
 3.155  -1680 108
 3.156  -1730 107
 3.157  -1781 107
 3.158  -1830 108
 3.159  -1878 107
 3.160  -1926 106
 3.161  -1975 107
 3.162  -2027 107
 3.163  -2076 106
 3.164  -2122 106
 3.165  -2174 106
 3.166  -2223 105
 3.167  -2277 106
 3.168  -2324 105
 3.169  -2370 104
 3.170  -2418 104
 3.171  -2469 104
 3.172  -2517 103
 3.173  -2566 104
 3.174  -2614 105
 3.175  -2664 105
 3.176  -2712 105
 3.177  -2758 104
 3.178  -2808 103
 3.179  -2857 102
 3.180  -2909 102
 3.181  -2953 102
 3.182  -3004 102
 3.183  -3052 101
 3.184  -3102 100
 3.185  -3149 100
 3.186  -3195 101
 3.187  -3248 101
 3.188  -3294 101
 3.189  -3343 102
 3.190  -3393 101
 3.191  -3440 101
 3.192  -3486 101
 3.193  -3536 101
 3.194  -3584 100
 3.195  -3632  99
 3.196  -3678 100
 3.197  -3728 100
 3.198  -3774  98
 3.199  -3820  98
 3.200  -3869  98
 3.201  -3917  98
 3.202  -3964  98
 3.203  -4010  98
 3.204  -4057  96
 3.205  -4107  95
 3.206  -4151  96
 3.207  -4198  96
 3.208  -4249  96
 3.209  -4292  95
 3.210  -4342  95
 3.211  -4389  96
 3.212  -4433  95
 3.213  -4478  95
 3.214  -4527  96
 3.215  -4570  96
 3.216  -4617  95
 3.217  -4668  95
 3.218  -4714  95
 3.219  -4758  95
 3.220  -4806  94
 3.221  -4853  94
 3.222  -4895  94
 3.223  -4943  94
 3.224  -4987  94
 3.225  -5032  94
 3.226  -5080  94
 3.227  -5126  94
 3.228  -5169  94
 3.229  -5216  93
 3.230  -5264  92
 3.231  -5308  92
 3.232  -5351  93
 3.233  -5395  94
 3.234  -5444  94
 3.235  -5487  92
 3.236  -5533  92
 3.237  -5579  92
 3.238  -5623  92
 3.239  -5669  91
 3.240  -5712  90
 3.241  -5755  91
 3.242  -5800  92
 3.243  -5843  92
 3.244  -5888  91
 3.245  -5934  92
 3.246  -5977  91
 3.247  -6023  90
 3.248  -6068  90
 3.249  -6110  90
 3.250  -6154  89
 3.251  -6200  88
 3.252  -6240  89
 3.253  -6283  89
 3.254  -6326  89
 3.255  -6371  90
 3.256  -6413  89
 3.257  -6454  89
 3.258  -6499  90
 3.259  -6542  88
 3.260  -6585  87
 3.261  -6626  87
 3.262  -6669  86
 3.263  -6712  86
 3.264  -6753  87
 3.265  -6795  86
 3.266  -6835  85
 3.267  -6880  86
 3.268  -6919  87
 3.269  -6964  86
 3.270  -7005  86
 3.271  -7047  87
 3.272  -7088  86
 3.273  -7130  85
 3.274  -7170  85
 3.275  -7212  83
 3.276  -7251  84
 3.277  -7292  85
 3.278  -7333  84
 3.279  -7372  82
 3.280  -7413  83
 3.281  -7456  85
 3.282  -7495  85
 3.283  -7536  83
 3.284  -7577  84
 3.285  -7616  84
 3.286  -7657  83
 3.287  -7696  82
 3.288  -7734  83
 3.289  -7776  82
 3.290  -7813  81
 3.291  -7850  81
 3.292  -7894  83
 3.293  -7930  82
 3.294  -7970  81
 3.295  -8004  80
 3.296  -8047  81
 3.297  -8084  81
 3.298  -8123  81
 3.299  -8165  80
 3.300  -8199  80
 3.301  -8235  81
 3.302  -8272  81
 3.303  -8315  80
 3.304  -8352  79
 3.305  -8388  79
 3.306  -8424  79
 3.307  -8462  79
 3.308  -8500  80
 3.309  -8538  80
 3.310  -8575  78
 3.311  -8610  79
 3.312  -8645  79
 3.313  -8680  79
 3.314  -8719  78
 3.315  -8755  78
 3.316  -8789  77
 3.317  -8828  77
 3.318  -8864  78
 3.319  -8896  76
 3.320  -8932  76
 3.321  -8970  77
 3.322  -9002  77
 3.323  -9038  77
 3.324  -9074  77
 3.325  -9106  77
 3.326  -9140  77
 3.327  -9178  78
 3.328  -9211  77
 3.329  -9244  77
 3.330  -9279  77
 3.331  -9313  76
 3.332  -9344  75
 3.333  -9379  74
 3.334  -9414  75
 3.335  -9444  76
 3.336  -9475  77
 3.337  -9510  76
 3.338  -9545  75
 3.339  -9575  74
 3.340  -9610  75
 3.341  -9640  76
 3.342  -9673  76
 3.343  -9705  75
 3.344  -9736  75
 3.345  -9766  75
 3.346  -9798  75
 3.347  -9829  75
 3.348  -9858  75
 3.349  -9894  74
 3.350  -9922  73
 3.351  -9955  71
 3.352  -9984  72
 3.353 -10012  73
 3.354 -10044  71
 3.355 -10076  71
 3.356 -10104  72
 3.357 -10135  72
 3.358 -10161  72
 3.359 -10193  72
 3.360 -10221  72
 3.361 -10251  72
 3.362 -10276  71
 3.363 -10309  72
 3.364 -10334  72
 3.365 -10363  72
 3.366 -10389  72
 3.367 -10419  71
 3.368 -10447  71
 3.369 -10477  72
 3.370 -10504  72
 3.371 -10530  70
 3.372 -10558  70
 3.373 -10583  70
 3.374 -10611  71
 3.375 -10636  71
 3.376 -10662  70
 3.377 -10690  71
 3.378 -10715  70
 3.379 -10742  69
 3.380 -10767  70
 3.381 -10794  70
 3.382 -10815  69
 3.383 -10842  69
 3.384 -10866  70
 3.385 -10892  70
 3.386 -10917  70
 3.387 -10939  70
 3.388 -10963  69
 3.389 -10990  69
 3.390 -11013  70
 3.391 -11036  69
 3.392 -11059  69
 3.393 -11082  68
 3.394 -11106  68
 3.395 -11128  69
 3.396 -11150  69
 3.397 -11174  69
 3.398 -11195  69
 3.399 -11217  68
 3.400 -11240  67
 3.401 -11261  67
 3.402 -11280  67
 3.403 -11303  68
 3.404 -11322  67
 3.405 -11346  66
 3.406 -11366  66
 3.407 -11385  66
 3.408 -11405  65
 3.409 -11429  66
 3.410 -11447  67
 3.411 -11467  67
 3.412 -11484  68
 3.413 -11505  68
 3.414 -11524  67
 3.415 -11543  67
 3.416 -11561  68
 3.417 -11579  69
 3.418 -11598  68
 3.419 -11615  67
 3.420 -11636  66
 3.421 -11652  66
 3.422 -11669  66
 3.423 -11686  68
 3.424 -11706  68
 3.425 -11720  67
 3.426 -11736  66
 3.427 -11753  67
 3.428 -11769  66
 3.429 -11784  66
 3.430 -11804  66
 3.431 -11818  66
 3.432 -11831  65
 3.433 -11849  65
 3.434 -11862  64
 3.435 -11879  65
 3.436 -11892  65
 3.437 -11908  64
 3.438 -11921  64
 3.439 -11934  65
 3.440 -11950  65
 3.441 -11963  65
 3.442 -11977  65
 3.443 -11989  65
 3.444 -12000  65
 3.445 -12013  64
 3.446 -12027  64
 3.447 -12038  64
 3.448 -12051  64
 3.449 -12061  64
 3.450 -12071  64
 3.451 -12082  64
 3.452 -12097  65
 3.453 -12105  65
 3.454 -12120  63
 3.455 -12125  63
 3.456 -12136  64
 3.457 -12147  64
 3.458 -12158  64
 3.459 -12166  63
 3.460 -12178  63
 3.461 -12184  63
 3.462 -12195  64
 3.463 -12203  65
 3.464 -12213  64
 3.465 -12223  64
 3.466 -12228  64
 3.467 -12239  65
 3.468 -12244  64
 3.469 -12251  65
 3.470 -12256  66
 3.471 -12265  66
 3.472 -12272  64
 3.473 -12277  65
 3.474 -12284  65
 3.475 -12288  64
 3.476 -12297  65
 3.477 -12298  65
 3.478 -12307  64
 3.479 -12315  63
 3.480 -12314  64
 3.481 -12319  64
 3.482 -12325  63
 3.483 -12329  64
 3.484 -12333  64
 3.485 -12336  63
 3.486 -12340  64
 3.487 -12341  64
 3.488 -12346  64
 3.489 -12350  65
 3.490 -12352  66
 3.491 -12352  66
 3.492 -12356  65
 3.493 -12358  63
 3.494 -12356  63
 3.495 -12360  64
 3.496 -12362  64
 3.497 -12364  64
 3.498 -12361  64
 3.499 -12361  64
 3.500 -12361  64
 3.501 -12361  64
 3.502 -12365  63
 3.503 -12362  63
 3.504 -12361  63
 3.505 -12357  64
 3.506 -12357  64
 3.507 -12357  64
 3.508 -12354  65
 3.509 -12352  64
 3.510 -12350  63
 3.511 -12349  65
 3.512 -12342  66
 3.513 -12341  64
 3.514 -12338  64
 3.515 -12337  63
 3.516 -12332  63
 3.517 -12329  64
 3.518 -12324  65
 3.519 -12317  64
 3.520 -12312  64
 3.521 -12312  65
 3.522 -12305  65
 3.523 -12301  64
 3.524 -12293  64
 3.525 -12289  65
 3.526 -12281  66
 3.527 -12277  64
 3.528 -12269  63
 3.529 -12262  63
 3.530 -12254  64
 3.531 -12247  66
 3.532 -12239  66
 3.533 -12231  64
 3.534 -12222  64
 3.535 -12214  65
 3.536 -12207  64
 3.537 -12198  63
 3.538 -12190  64
 3.539 -12178  65
 3.540 -12173  65
 3.541 -12160  65
 3.542 -12149  64
 3.543 -12139  64
 3.544 -12133  64
 3.545 -12120  65
 3.546 -12107  66
 3.547 -12097  66
 3.548 -12087  66
 3.549 -12074  66
 3.550 -12063  65
 3.551 -12049  64
 3.552 -12038  65
 3.553 -12022  65
 3.554 -12012  65
 3.555 -11995  65
 3.556 -11982  64
 3.557 -11969  64
 3.558 -11959  65
 3.559 -11942  65
 3.560 -11926  65
 3.561 -11913  65
 3.562 -11899  65
 3.563 -11883  65
 3.564 -11865  66
 3.565 -11851  66
 3.566 -11834  65
 3.567 -11821  65
 3.568 -11803  65
 3.569 -11789  66
 3.570 -11768  67
 3.571 -11751  66
 3.572 -11733  64
 3.573 -11721  64
 3.574 -11699  65
 3.575 -11679  67
 3.576 -11662  67
 3.577 -11644  66
 3.578 -11623  66
 3.579 -11607  67
 3.580 -11587  67
 3.581 -11568  66
 3.582 -11547  67
 3.583 -11526  67
 3.584 -11506  68
 3.585 -11486  68
 3.586 -11464  68
 3.587 -11442  68
 3.588 -11422  69
 3.589 -11401  69
 3.590 -11376  67
 3.591 -11358  67
 3.592 -11335  68
 3.593 -11314  68
 3.594 -11289  67
 3.595 -11266  67
 3.596 -11243  67
 3.597 -11220  67
 3.598 -11195  68
 3.599 -11175  70
 3.600 -11148  70
 3.601 -11118  69
 3.602 -11096  69
 3.603 -11073  70
 3.604 -11048  71
 3.605 -11019  70
 3.606 -10996  69
 3.607 -10969  69
 3.608 -10943  69
 3.609 -10916  70
 3.610 -10891  70
 3.611 -10860  68
 3.612 -10833  68
 3.613 -10806  70
 3.614 -10780  70
 3.615 -10754  70
 3.616 -10723  70
 3.617 -10697  70
 3.618 -10666  70
 3.619 -10640  69
 3.620 -10607  69
 3.621 -10578  70
 3.622 -10547  70
 3.623 -10518  71
 3.624 -10488  72
 3.625 -10460  72
 3.626 -10427  71
 3.627 -10398  71
 3.628 -10366  72
 3.629 -10333  72
 3.630 -10303  72
 3.631 -10274  73
 3.632 -10240  73
 3.633 -10207  73
 3.634 -10171  73
 3.635 -10138  74
 3.636 -10109  74
 3.637 -10076  73
 3.638 -10041  72
 3.639 -10010  74
 3.640  -9977  74
 3.641  -9940  74
 3.642  -9905  75
 3.643  -9869  76
 3.644  -9834  76
 3.645  -9801  76
 3.646  -9766  76
 3.647  -9730  75
 3.648  -9692  75
 3.649  -9658  76
 3.650  -9621  76
 3.651  -9585  75
 3.652  -9549  75
 3.653  -9507  75
 3.654  -9476  76
 3.655  -9437  76
 3.656  -9399  76
 3.657  -9359  77
 3.658  -9324  76
 3.659  -9280  75
 3.660  -9245  76
 3.661  -9206  77
 3.662  -9168  77
 3.663  -9127  77
 3.664  -9087  78
 3.665  -9047  77
 3.666  -9008  76
 3.667  -8968  76
 3.668  -8929  77
 3.669  -8888  78
 3.670  -8847  79
 3.671  -8805  79
 3.672  -8763  79
 3.673  -8722  80
 3.674  -8680  80
 3.675  -8641  78
 3.676  -8595  78
 3.677  -8554  79
 3.678  -8510  79
 3.679  -8468  79
 3.680  -8423  80
 3.681  -8381  80
 3.682  -8335  78
 3.683  -8295  78
 3.684  -8247  81
 3.685  -8207  82
 3.686  -8163  81
 3.687  -8115  81
 3.688  -8074  81
 3.689  -8027  80
 3.690  -7984  81
 3.691  -7937  82
 3.692  -7890  82
 3.693  -7847  81
 3.694  -7803  81
 3.695  -7753  82
 3.696  -7703  82
 3.697  -7659  83
 3.698  -7610  84
 3.699  -7564  83
 3.700  -7514  83
 3.701  -7469  83
 3.702  -7421  84
 3.703  -7372  83
 3.704  -7326  84
 3.705  -7278  85
 3.706  -7227  87
 3.707  -7179  87
 3.708  -7130  87
 3.709  -7081  86
 3.710  -7031  85
 3.711  -6984  85
 3.712  -6934  86
 3.713  -6883  87
 3.714  -6832  87
 3.715  -6782  88
 3.716  -6731  88
 3.717  -6681  88
 3.718  -6629  87
 3.719  -6574  88
 3.720  -6526  88
 3.721  -6478  89
 3.722  -6422  91
 3.723  -6369  90
 3.724  -6317  88
 3.725  -6264  88
 3.726  -6216  89
 3.727  -6164  88
 3.728  -6108  88
 3.729  -6055  89
 3.730  -6001  90
 3.731  -5948  90
 3.732  -5896  90
 3.733  -5844  90
 3.734  -5788  91
 3.735  -5734  91
 3.736  -5677  91
 3.737  -5624  92
 3.738  -5571  92
 3.739  -5513  93
 3.740  -5461  93
 3.741  -5406  93
 3.742  -5349  92
 3.743  -5294  92
 3.744  -5238  92
 3.745  -5179  93
 3.746  -5128  93
 3.747  -5068  94
 3.748  -5012  94
 3.749  -4956  95
 3.750  -4901  95
 3.751  -4843  95
 3.752  -4786  95
 3.753  -4731  95
 3.754  -4672  95
 3.755  -4610  96
 3.756  -4556  96
 3.757  -4497  96
 3.758  -4436  97
 3.759  -4383  96
 3.760  -4323  97
 3.761  -4261  97
 3.762  -4205  96
 3.763  -4146  96
 3.764  -4086  96
 3.765  -4030  99
 3.766  -3967 100
 3.767  -3907  99
 3.768  -3847 100
 3.769  -3788 101
 3.770  -3727 100
 3.771  -3669  99
 3.772  -3608 100
 3.773  -3546 100
 3.774  -3489 100
 3.775  -3427 100
 3.776  -3366  99
 3.777  -3306 100
 3.778  -3244 102
 3.779  -3184 102
 3.780  -3119 102
 3.781  -3057 102
 3.782  -2999 102
 3.783  -2935 102
 3.784  -2873 102
 3.785  -2810 103
 3.786  -2749 104
 3.787  -2686 105
 3.788  -2624 104
 3.789  -2563 103
 3.790  -2497 105
 3.791  -2435 106
 3.792  -2370 105
 3.793  -2306 105
 3.794  -2245 105
 3.795  -2184 105
 3.796  -2120 106
 3.797  -2055 108
 3.798  -1993 108
 3.799  -1928 107
 3.800  -1864 108
 3.801  -1798 108
 3.802  -1732 108
 3.803  -1669 107
 3.804  -1607 107
 3.805  -1541 109
 3.806  -1478 110
 3.807  -1413 110
 3.808  -1346 111
 3.809  -1281 110
 3.810  -1219 110
 3.811  -1152 111
 3.812  -1088 112
 3.813  -1021 112
 3.814   -955 112
 3.815   -888 113
 3.816   -825 113
 3.817   -758 112
 3.818   -691 111
 3.819   -627 111
 3.820   -561 113
 3.821   -491 114
 3.822   -426 114
 3.823   -361 114
 3.824   -293 114
 3.825   -226 114
 3.826   -160 115
 3.827    -93 116
 3.828    -28 115
 3.829     40 116
 3.830    110 117
 3.831    172 116
 3.832    242 117
 3.833    308 116
 3.834    375 116
 3.835    441 117
 3.836    510 118
 3.837    577 118
 3.838    644 117
 3.839    714 117
 3.840    781 119
 3.841    848 119
 3.842    917 118
 3.843    984 119
 3.844   1051 120
 3.845   1121 121
 3.846   1190 122
 3.847   1257 122
 3.848   1324 122
 3.849   1393 122
 3.850   1463 121
 3.851   1530 120
 3.852   1598 121
 3.853   1667 122
 3.854   1736 121
 3.855   1803 121
 3.856   1871 122
 3.857   1941 124
 3.858   2013 124
 3.859   2079 123
 3.860   2148 124
 3.861   2219 124
 3.862   2284 124
 3.863   2353 124
 3.864   2424 126
 3.865   2495 127
 3.866   2562 128
 3.867   2631 127
 3.868   2703 127
 3.869   2769 128
 3.870   2841 128
 3.871   2907 127
 3.872   2978 127
 3.873   3048 128
 3.874   3117 128
 3.875   3186 128
 3.876   3257 128
 3.877   3326 129
 3.878   3395 130
 3.879   3460 130
 3.880   3533 130
 3.881   3603 130
 3.882   3668 131
 3.883   3740 132
 3.884   3812 132
 3.885   3880 132
 3.886   3951 131
 3.887   4020 131
 3.888   4090 132
 3.889   4159 133
 3.890   4230 134
 3.891   4299 133
 3.892   4368 132
 3.893   4437 132
 3.894   4508 133
 3.895   4572 134
 3.896   4646 136
 3.897   4716 138
 3.898   4783 137
 3.899   4852 136
 3.900   4922 136
 3.901   4990 137
 3.902   5060 138
 3.903   5131 138
 3.904   5199 136
 3.905   5270 136
 3.906   5338 136
 3.907   5406 137
 3.908   5477 138
 3.909   5549 138
 3.910   5616 138
 3.911   5685 139
 3.912   5755 140
 3.913   5824 140
 3.914   5894 140
 3.915   5962 140
 3.916   6030 139
 3.917   6097 140
 3.918   6169 142
 3.919   6238 143
 3.920   6305 142
 3.921   6373 142
 3.922   6442 142
 3.923   6511 143
 3.924   6583 143
 3.925   6650 143
 3.926   6719 143
 3.927   6789 145
 3.928   6853 145
 3.929   6922 144
 3.930   6994 145
 3.931   7058 146
 3.932   7128 147
 3.933   7196 147
 3.934   7267 147
 3.935   7331 146
 3.936   7398 146
 3.937   7466 147
 3.938   7535 148
 3.939   7601 148
 3.940   7670 148
 3.941   7740 149
 3.942   7807 149
 3.943   7874 149
 3.944   7942 148
 3.945   8009 149
 3.946   8072 149
 3.947   8142 149
 3.948   8210 150
 3.949   8277 150
 3.950   8344 150
 3.951   8407 149
 3.952   8475 150
 3.953   8540 150
 3.954   8608 151
 3.955   8672 152
 3.956   8744 152
 3.957   8806 152
 3.958   8871 154
 3.959   8939 155
 3.960   9005 154
 3.961   9070 153
 3.962   9136 154
 3.963   9201 154
 3.964   9269 153
 3.965   9335 153
 3.966   9396 154
 3.967   9460 154
 3.968   9528 154
 3.969   9588 154
 3.970   9656 153
 3.971   9721 154
 3.972   9783 154
 3.973   9849 156
 3.974   9916 158
 3.975   9977 157
 3.976  10043 156
 3.977  10105 157
 3.978  10171 157
 3.979  10232 157
 3.980  10298 158
 3.981  10356 158
 3.982  10419 157
 3.983  10485 158
 3.984  10544 159
 3.985  10610 160
 3.986  10670 160
 3.987  10738 158
 3.988  10794 159
 3.989  10859 161
 3.990  10922 162
 3.991  10981 161
 3.992  11043 161
 3.993  11105 160
 3.994  11165 160
 3.995  11226 162
 3.996  11287 163
 3.997  11347 162
 3.998  11411 162
 3.999  11470 162
 4.000  11531 162
 4.001  11589 163
 4.002  11655 163
 4.003  11711 164
 4.004  11770 164
 4.005  11832 164
 4.006  11893 165
 4.007  11948 165
 4.008  12004 166
 4.009  12064 166
 4.010  12124 165
 4.011  12181 166
 4.012  12240 166
 4.013  12301 166
 4.014  12358 167
 4.015  12416 167
 4.016  12472 167
 4.017  12530 168
 4.018  12586 168
 4.019  12644 168
 4.020  12698 167
 4.021  12757 168
 4.022  12811 169
 4.023  12864 169
 4.024  12923 168
 4.025  12981 168
 4.026  13035 168
 4.027  13090 170
 4.028  13141 171
 4.029  13197 170
 4.030  13252 171
 4.031  13307 171
 4.032  13364 171
 4.033  13414 172
 4.034  13472 171
 4.035  13525 172
 4.036  13575 172
 4.037  13627 172
 4.038  13681 173
 4.039  13736 174
 4.040  13784 173
 4.041  13839 173
 4.042  13888 173
 4.043  13942 173
 4.044  13992 172
 4.045  14044 173
 4.046  14093 174
 4.047  14147 174
 4.048  14194 173
 4.049  14247 175
 4.050  14300 176
 4.051  14348 175
 4.052  14395 175
 4.053  14447 175
 4.054  14496 174
 4.055  14546 174
 4.056  14594 176
 4.057  14640 176
 4.058  14687 176
 4.059  14737 176
 4.060  14785 176
 4.061  14830 176
 4.062  14878 177
 4.063  14924 178
 4.064  14968 177
 4.065  15015 177
 4.066  15064 177
 4.067  15108 177
 4.068  15154 176
 4.069  15197 176
 4.070  15244 177
 4.071  15287 178
 4.072  15334 179
 4.073  15376 179
 4.074  15423 178
 4.075  15465 177
 4.076  15507 178
 4.077  15551 180
 4.078  15595 180
 4.079  15634 180
 4.080  15676 180
 4.081  15719 181
 4.082  15761 180
 4.083  15804 181
 4.084  15842 182
 4.085  15882 181
 4.086  15925 180
 4.087  15964 181
 4.088  16003 183
 4.089  16045 184
 4.090  16084 182
 4.091  16119 182
 4.092  16160 182
 4.093  16198 183
 4.094  16235 183
 4.095  16274 182
 4.096  16312 183
 4.097  16349 183
 4.098  16385 183
 4.099  16420 184
 4.100  16456 186
 4.101  16493 187
 4.102  16529 187
 4.103  16563 186
 4.104  16599 185
 4.105  16633 185
 4.106  16668 185
 4.107  16702 185
 4.108  16737 184
 4.109  16768 185
 4.110  16799 185
 4.111  16837 184
 4.112  16869 184
 4.113  16899 185
 4.114  16934 186
 4.115  16963 186
 4.116  16993 186
 4.117  17025 186
 4.118  17055 185
 4.119  17083 184
 4.120  17114 184
 4.121  17143 186
 4.122  17172 187
 4.123  17202 187
 4.124  17233 187
 4.125  17262 188
 4.126  17287 188
 4.127  17317 188
 4.128  17343 187
 4.129  17371 186
 4.130  17395 186
 4.131  17421 187
 4.132  17449 187
 4.133  17473 187
 4.134  17497 187
 4.135  17520 189
 4.136  17546 190
 4.137  17571 189
 4.138  17595 188
 4.139  17618 190
 4.140  17640 190
 4.141  17664 189
 4.142  17683 188
 4.143  17707 188
 4.144  17729 188
 4.145  17752 189
 4.146  17774 190
 4.147  17792 191
 4.148  17815 191
 4.149  17835 188
 4.150  17853 188
 4.151  17870 188
 4.152  17889 190
 4.153  17908 191
 4.154  17927 190
 4.155  17941 190
 4.156  17962 190
 4.157  17978 190
 4.158  17996 192
 4.159  18016 191
 4.160  18028 190
 4.161  18047 191
 4.162  18060 192
 4.163  18075 191
 4.164  18088 190
 4.165  18100 190
 4.166  18117 190
 4.167  18127 190
 4.168  18142 190
 4.169  18152 191
 4.170  18166 190
 4.171  18180 191
 4.172  18191 191
 4.173  18203 191
 4.174  18210 191
 4.175  18222 192
 4.176  18235 192
 4.177  18239 192
 4.178  18249 191
 4.179  18259 190
 4.180  18269 190
 4.181  18275 190
 4.182  18286 190
 4.183  18290 190
 4.184  18301 190
 4.185  18304 191
 4.186  18311 191
 4.187  18315 191
 4.188  18322 191
 4.189  18326 192
 4.190  18332 192
 4.191  18336 193
 4.192  18338 193
 4.193  18341 192
 4.194  18348 191
 4.195  18347 192
 4.196  18352 192
 4.197  18355 192
 4.198  18353 192
 4.199  18355 193
 4.200  18357 193
 4.201  18357 193
 4.202  18357 192
 4.203  18354 192
 4.204  18356 192
 4.205  18359 191
 4.206  18354 192
 4.207  18352 192
 4.208  18350 192
 4.209  18347 191
 4.210  18342 191
 4.211  18339 192
 4.212  18338 192
 4.213  18334 191
 4.214  18329 190
 4.215  18322 190
 4.216  18318 190
 4.217  18310 191
 4.218  18304 192
 4.219  18302 192
 4.220  18292 191
 4.221  18284 191
 4.222  18274 190
 4.223  18266 191
 4.224  18261 192
 4.225  18250 192
 4.226  18239 190
 4.227  18230 189
 4.228  18220 190
 4.229  18213 191
 4.230  18197 191
 4.231  18189 190
 4.232  18177 190
 4.233  18165 190
 4.234  18154 191
 4.235  18136 192
 4.236  18125 192
 4.237  18113 191
 4.238  18101 191
 4.239  18084 191
 4.240  18067 190
 4.241  18053 189
 4.242  18039 190
 4.243  18025 191
 4.244  18004 191
 4.245  17987 191
 4.246  17970 191
 4.247  17951 191
 4.248  17935 191
 4.249  17921 192
 4.250  17896 190
 4.251  17880 188
 4.252  17858 187
 4.253  17837 188
 4.254  17818 189
 4.255  17798 189
 4.256  17775 189
 4.257  17755 190
 4.258  17731 190
 4.259  17709 188
 4.260  17685 187
 4.261  17662 190
 4.262  17641 191
 4.263  17614 189
 4.264  17593 188
 4.265  17565 188
 4.266  17541 188
 4.267  17517 188
 4.268  17491 189
 4.269  17462 189
 4.270  17436 188
 4.271  17409 188
 4.272  17384 187
 4.273  17356 186
 4.274  17327 185
 4.275  17299 186
 4.276  17269 187
 4.277  17239 187
 4.278  17211 188
 4.279  17179 188
 4.280  17150 186
 4.281  17119 186
 4.282  17087 187
 4.283  17055 186
 4.284  17023 185
 4.285  16992 185
 4.286  16956 185
 4.287  16923 185
 4.288  16891 184
 4.289  16857 184
 4.290  16822 183
 4.291  16790 184
 4.292  16752 185
 4.293  16718 185
 4.294  16679 184
 4.295  16643 183
 4.296  16605 182
 4.297  16570 184
 4.298  16533 184
 4.299  16497 184
 4.300  16455 184
 4.301  16415 183
 4.302  16378 183
 4.303  16338 183
 4.304  16301 183
 4.305  16259 182
 4.306  16222 182
 4.307  16182 182
 4.308  16136 183
 4.309  16095 183
 4.310  16057 183
 4.311  16012 183
 4.312  15970 183
 4.313  15928 181
 4.314  15885 181
 4.315  15834 181
 4.316  15797 182
 4.317  15752 182
 4.318  15705 182
 4.319  15663 181
 4.320  15616 180
 4.321  15571 179
 4.322  15525 179
 4.323  15482 180
 4.324  15432 180
 4.325  15385 179
 4.326  15336 179
 4.327  15291 178
 4.328  15240 178
 4.329  15193 178
 4.330  15140 178
 4.331  15094 178
 4.332  15046 178
 4.333  14995 179
 4.334  14943 178
 4.335  14891 177
 4.336  14839 176
 4.337  14793 177
 4.338  14739 179
 4.339  14687 179
 4.340  14635 177
 4.341  14581 176
 4.342  14527 176
 4.343  14475 176
 4.344  14419 176
 4.345  14363 175
 4.346  14309 174
 4.347  14256 175
 4.348  14199 175
 4.349  14147 174
 4.350  14089 173
 4.351  14034 173
 4.352  13978 173
 4.353  13920 172
 4.354  13865 172
 4.355  13807 173
 4.356  13750 172
 4.357  13694 172
 4.358  13636 171
 4.359  13576 170
 4.360  13517 171
 4.361  13454 172
 4.362  13396 170
 4.363  13338 170
 4.364  13275 171
 4.365  13216 172
 4.366  13154 170
 4.367  13095 169
 4.368  13032 168
 4.369  12970 169
 4.370  12908 170
 4.371  12847 170
 4.372  12785 169
 4.373  12720 168
 4.374  12658 167
 4.375  12597 166
 4.376  12532 166
 4.377  12469 166
 4.378  12402 165
 4.379  12339 165
 4.380  12272 165
 4.381  12208 167
 4.382  12144 167
 4.383  12078 167
 4.384  12014 166
 4.385  11947 164
 4.386  11880 164
 4.387  11810 164
 4.388  11747 164
 4.389  11681 163
 4.390  11607 163
 4.391  11540 163
 4.392  11474 163
 4.393  11406 163
 4.394  11337 163
 4.395  11269 162
 4.396  11200 161
 4.397  11129 161
 4.398  11060 161
 4.399  10991 161
 4.400  10921 161
 4.401  10850 161
 4.402  10780 160
 4.403  10708 159
 4.404  10638 158
 4.405  10567 159
 4.406  10496 159
 4.407  10423 158
 4.408  10352 158
 4.409  10278 158
 4.410  10206 158
 4.411  10131 158
 4.412  10059 159
 4.413   9986 158
 4.414   9914 156
 4.415   9839 154
 4.416   9765 154
 4.417   9693 155
 4.418   9618 155
 4.419   9540 155
 4.420   9467 154
 4.421   9394 155
 4.422   9318 154
 4.423   9243 153
 4.424   9171 153
 4.425   9088 154
 4.426   9015 153
 4.427   8937 152
 4.428   8863 153
 4.429   8786 153
 4.430   8711 153
 4.431   8632 153
 4.432   8556 152
 4.433   8480 152
 4.434   8399 152
 4.435   8323 150
 4.436   8245 148
 4.437   8168 149
 4.438   8089 151
 4.439   8009 150
 4.440   7930 148
 4.441   7854 147
 4.442   7773 148
 4.443   7695 148
 4.444   7615 148
 4.445   7537 148
 4.446   7457 149
 4.447   7377 148
 4.448   7298 147
 4.449   7218 146
 4.450   7139 144
 4.451   7057 143
 4.452   6976 143
 4.453   6896 143
 4.454   6818 143
 4.455   6737 144
 4.456   6654 144
 4.457   6571 142
 4.458   6491 141
 4.459   6412 141
 4.460   6328 141
 4.461   6250 141
 4.462   6165 140
 4.463   6084 139
 4.464   6003 139
 4.465   5921 140
 4.466   5837 140
 4.467   5755 140
 4.468   5673 139
 4.469   5590 139
 4.470   5509 139
 4.471   5426 139
 4.472   5343 138
 4.473   5259 137
 4.474   5178 137
 4.475   5094 136
 4.476   5011 136
 4.477   4928 136
 4.478   4843 136
 4.479   4761 136
 4.480   4678 135
 4.481   4595 134
 4.482   4511 133
 4.483   4428 132
 4.484   4340 132
 4.485   4260 134
 4.486   4176 134
 4.487   4090 132
 4.488   4008 131
 4.489   3922 131
 4.490   3838 131
 4.491   3756 132
 4.492   3675 132
 4.493   3590 131
 4.494   3504 130
 4.495   3421 129
 4.496   3333 128
 4.497   3249 128
 4.498   3167 129
 4.499   3082 129
 4.500   2997 129
 4.501   2916 127
 4.502   2827 126
 4.503   2745 126
 4.504   2661 126
 4.505   2572 125
 4.506   2492 124
 4.507   2407 124
 4.508   2320 125
 4.509   2235 125
 4.510   2151 124
 4.511   2066 124
 4.512   1981 122
 4.513   1898 122
 4.514   1813 124
 4.515   1729 123
 4.516   1647 122
 4.517   1559 121
 4.518   1475 122
 4.519   1395 122
 4.520   1309 120
 4.521   1224 119
 4.522   1138 120
 4.523   1054 119
 4.524    970 119
 4.525    887 120
 4.526    802 121
 4.527    718 119
 4.528    631 117
 4.529    550 117
 4.530    466 118
 4.531    380 118
 4.532    298 118
 4.533    210 118
 4.534    129 117
 4.535     44 116
 4.536    -39 114
 4.537   -124 113
 4.538   -207 113
 4.539   -286 113
 4.540   -372 113
 4.541   -456 112
 4.542   -536 112
 4.543   -623 111
 4.544   -705 110
 4.545   -785 109
 4.546   -871 110
 4.547   -952 112
 4.548  -1038 112
 4.549  -1119 111
 4.550  -1202 110
 4.551  -1286 109
 4.552  -1368 109
 4.553  -1448 109
 4.554  -1529 110
 4.555  -1611 110
 4.556  -1694 108
 4.557  -1776 107
 4.558  -1857 107
 4.559  -1938 107
 4.560  -2020 108
 4.561  -2102 106
 4.562  -2181 104
 4.563  -2263 104
 4.564  -2343 104
 4.565  -2426 106
 4.566  -2505 107
 4.567  -2583 105
 4.568  -2663 104
 4.569  -2745 105
 4.570  -2825 104
 4.571  -2899 102
 4.572  -2983 102
 4.573  -3064 102
 4.574  -3140 101
 4.575  -3220 101
 4.576  -3298 100
 4.577  -3376 101
 4.578  -3455 100
 4.579  -3533 100
 4.580  -3611 100
 4.581  -3692 100
 4.582  -3767  99
 4.583  -3843  99
 4.584  -3922  99
 4.585  -4000  98
 4.586  -4080  96
 4.587  -4153  95
 4.588  -4229  94
 4.589  -4306  95
 4.590  -4383  96
 4.591  -4460  97
 4.592  -4531  97
 4.593  -4609  97
 4.594  -4684  96
 4.595  -4761  94
 4.596  -4834  94
 4.597  -4910  93
 4.598  -4983  93
 4.599  -5056  94
 4.600  -5128  93
 4.601  -5204  92
 4.602  -5278  93
 4.603  -5349  92
 4.604  -5423  92
 4.605  -5499  91
 4.606  -5566  90
 4.607  -5640  89
 4.608  -5715  90
 4.609  -5783  92
 4.610  -5855  92
 4.611  -5925  90
 4.612  -6001  88
 4.613  -6067  88
 4.614  -6139  89
 4.615  -6207  91
 4.616  -6278  90
 4.617  -6350  88
 4.618  -6417  87
 4.619  -6485  87
 4.620  -6553  88
 4.621  -6620  88
 4.622  -6693  88
 4.623  -6760  88
 4.624  -6825  87
 4.625  -6893  87
 4.626  -6956  86
 4.627  -7025  84
 4.628  -7090  83
 4.629  -7157  84
 4.630  -7223  85
 4.631  -7287  85
 4.632  -7353  85
 4.633  -7416  84
 4.634  -7479  84
 4.635  -7546  84
 4.636  -7609  83
 4.637  -7671  82
 4.638  -7736  82
 4.639  -7798  83
 4.640  -7859  83
 4.641  -7924  83
 4.642  -7984  81
 4.643  -8047  82
 4.644  -8106  82
 4.645  -8166  80
 4.646  -8225  79
 4.647  -8287  79
 4.648  -8344  79
 4.649  -8406  78
 4.650  -8465  79
 4.651  -8524  80
 4.652  -8584  80
 4.653  -8639  79
 4.654  -8696  78
 4.655  -8755  77
 4.656  -8808  77
 4.657  -8867  79
 4.658  -8919  78
 4.659  -8976  77
 4.660  -9032  76
 4.661  -9085  75
 4.662  -9140  76
 4.663  -9194  77
 4.664  -9249  78
 4.665  -9301  77
 4.666  -9357  77
 4.667  -9408  76
 4.668  -9459  75
 4.669  -9514  75
 4.670  -9560  75
 4.671  -9611  74
 4.672  -9662  75
 4.673  -9712  76
 4.674  -9762  76
 4.675  -9810  75
 4.676  -9862  74
 4.677  -9908  73
 4.678  -9960  73
 4.679 -10003  73
 4.680 -10052  73
 4.681 -10098  73
 4.682 -10142  73
 4.683 -10193  73
 4.684 -10234  74
 4.685 -10280  73
 4.686 -10324  72
 4.687 -10370  72
 4.688 -10413  72
 4.689 -10454  71
 4.690 -10496  72
 4.691 -10541  73
 4.692 -10581  72
 4.693 -10624  70
 4.694 -10664  69
 4.695 -10705  69
 4.696 -10742  70
 4.697 -10783  70
 4.698 -10824  69
 4.699 -10861  69
 4.700 -10902  69
 4.701 -10937  68
 4.702 -10974  68
 4.703 -11014  68
 4.704 -11046  68
 4.705 -11087  68
 4.706 -11120  68
 4.707 -11156  68
 4.708 -11186  68
 4.709 -11225  67
 4.710 -11260  67
 4.711 -11290  67
 4.712 -11322  66
 4.713 -11357  66
 4.714 -11387  68
 4.715 -11418  69
 4.716 -11449  68
 4.717 -11477  68
 4.718 -11512  68
 4.719 -11537  68
 4.720 -11564  68
 4.721 -11594  67
 4.722 -11623  66
 4.723 -11652  66
 4.724 -11678  65
 4.725 -11704  63
 4.726 -11729  63
 4.727 -11757  65
 4.728 -11780  65
 4.729 -11801  64
 4.730 -11826  65
 4.731 -11850  66
 4.732 -11871  67
 4.733 -11898  65
 4.734 -11919  63
 4.735 -11938  64
 4.736 -11957  65
 4.737 -11979  65
 4.738 -11997  65
 4.739 -12019  65
 4.740 -12035  64
 4.741 -12055  64
 4.742 -12075  63
 4.743 -12091  63
 4.744 -12108  64
 4.745 -12123  64
 4.746 -12138  63
 4.747 -12153  63
 4.748 -12165  64
 4.749 -12184  65
 4.750 -12194  64
 4.751 -12210  65
 4.752 -12220  66
 4.753 -12235  64
 4.754 -12243  62
 4.755 -12257  63
 4.756 -12265  65
 4.757 -12274  66
 4.758 -12287  66
 4.759 -12295  64
 4.760 -12304  65
 4.761 -12309  65
 4.762 -12317  64
 4.763 -12325  64
 4.764 -12326  65
 4.765 -12339  63
 4.766 -12340  62
 4.767 -12344  63
 4.768 -12350  64
 4.769 -12354  63
 4.770 -12356  62
 4.771 -12358  62
 4.772 -12360  62
 4.773 -12363  62
 4.774 -12361  63
 4.775 -12362  62
 4.776 -12364  62
 4.777 -12361  62
 4.778 -12360  63
 4.779 -12356  63
 4.780 -12356  64
 4.781 -12354  65
 4.782 -12349  65
 4.783 -12345  64
 4.784 -12339  63
 4.785 -12337  64
 4.786 -12328  63
 4.787 -12321  63
 4.788 -12315  64
 4.789 -12308  64
 4.790 -12300  65
 4.791 -12294  65
 4.792 -12288  66
 4.793 -12273  67
 4.794 -12265  65
 4.795 -12252  65
 4.796 -12242  65
 4.797 -12230  64
 4.798 -12217  63
 4.799 -12206  64
 4.800 -12191  64
 4.801 -12178  64
 4.802 -12164  65
 4.803 -12149  65
 4.804 -12130  65
 4.805 -12118  64
 4.806 -12101  64
 4.807 -12084  65
 4.808 -12068  65
 4.809 -12049  64
 4.810 -12028  64
 4.811 -12009  65
 4.812 -11991  65
 4.813 -11970  66
 4.814 -11947  66
 4.815 -11925  65
 4.816 -11903  65
 4.817 -11880  66
 4.818 -11857  67
 4.819 -11835  67
 4.820 -11809  67
 4.821 -11786  68
 4.822 -11761  67
 4.823 -11733  66
 4.824 -11709  67
 4.825 -11681  66
 4.826 -11652  66
 4.827 -11624  66
 4.828 -11599  66
 4.829 -11569  66
 4.830 -11538  66
 4.831 -11508  67
 4.832 -11477  68
 4.833 -11448  68
 4.834 -11418  67
 4.835 -11382  67
 4.836 -11350  67
 4.837 -11314  68
 4.838 -11283  68
 4.839 -11247  68
 4.840 -11215  67
 4.841 -11178  67
 4.842 -11141  68
 4.843 -11105  69
 4.844 -11070  69
 4.845 -11030  68
 4.846 -10993  68
 4.847 -10954  69
 4.848 -10914  70
 4.849 -10875  71
 4.850 -10837  70
 4.851 -10800  69
 4.852 -10756  70
 4.853 -10710  71
 4.854 -10670  70
 4.855 -10628  71
 4.856 -10585  71
 4.857 -10539  71
 4.858 -10494  71
 4.859 -10453  72
 4.860 -10407  73
 4.861 -10362  74
 4.862 -10315  73
 4.863 -10268  71
 4.864 -10222  71
 4.865 -10171  71
 4.866 -10122  71
 4.867 -10076  73
 4.868 -10028  73
 4.869  -9978  74
 4.870  -9925  75
 4.871  -9876  75
 4.872  -9825  75
 4.873  -9776  74
 4.874  -9722  74
 4.875  -9669  75
 4.876  -9614  75
 4.877  -9559  76
 4.878  -9507  77
 4.879  -9454  76
 4.880  -9400  75
 4.881  -9343  75
 4.882  -9288  76
 4.883  -9229  77
 4.884  -9171  77
 4.885  -9116  76
 4.886  -9057  77
 4.887  -9001  78
 4.888  -8942  78
 4.889  -8879  80
 4.890  -8822  80
 4.891  -8760  80
 4.892  -8701  81
 4.893  -8639  81
 4.894  -8579  80
 4.895  -8517  79
 4.896  -8455  80
 4.897  -8391  81
 4.898  -8330  80
 4.899  -8262  80
 4.900  -8197  80
 4.901  -8133  81
 4.902  -8072  82
 4.903  -8005  82
 4.904  -7939  82
 4.905  -7873  84
 4.906  -7806  83
 4.907  -7738  83
 4.908  -7671  83
 4.909  -7603  82
 4.910  -7532  82
 4.911  -7461  82
 4.912  -7397  82
 4.913  -7326  83
 4.914  -7256  84
 4.915  -7186  84
 4.916  -7114  85
 4.917  -7044  85
 4.918  -6972  86
 4.919  -6901  87
 4.920  -6825  87
 4.921  -6751  86
 4.922  -6684  86
 4.923  -6609  86
 4.924  -6532  88
 4.925  -6459  89
 4.926  -6384  89
 4.927  -6309  88
 4.928  -6232  89
 4.929  -6154  90
 4.930  -6078  90
 4.931  -6006  90
 4.932  -5927  91
 4.933  -5849  91
 4.934  -5771  91
 4.935  -5693  91
 4.936  -5614  91
 4.937  -5537  90
 4.938  -5460  91
 4.939  -5378  92
 4.940  -5298  93
 4.941  -5219  93
 4.942  -5136  94
 4.943  -5056  94
 4.944  -4973  94
 4.945  -4893  95
 4.946  -4814  96
 4.947  -4731  96
 4.948  -4647  96
 4.949  -4566  96
 4.950  -4481  95
 4.951  -4395  95
 4.952  -4314  96
 4.953  -4230  97
 4.954  -4145  97
 4.955  -4063  97
 4.956  -3975  98
 4.957  -3893  99
 4.958  -3806 100
 4.959  -3723 100
 4.960  -3636 101
 4.961  -3550 102
 4.962  -3462 102
 4.963  -3374 101
 4.964  -3287 101
 4.965  -3200 101
 4.966  -3111 102
 4.967  -3024 103
 4.968  -2940 102
 4.969  -2848 102
 4.970  -2755 103
 4.971  -2672 105
 4.972  -2581 106
 4.973  -2495 107
 4.974  -2402 107
 4.975  -2313 106
 4.976  -2223 106
 4.977  -2130 106
 4.978  -2040 106
 4.979  -1949 107
 4.980  -1860 107
 4.981  -1765 108
 4.982  -1678 109
 4.983  -1586 109
 4.984  -1493 109
 4.985  -1401 108
 4.986  -1307 108
 4.987  -1218 110
 4.988  -1123 110
 4.989  -1031 110
 4.990   -937 110
 4.991   -845 111
 4.992   -751 112
 4.993   -658 112
 4.994   -566 112
 4.995   -471 113
 4.996   -376 113
 4.997   -284 113
 4.998   -187 114
 4.999    -94 114
 5.000      2 116
